# ang_deg abs(r)**2 abs(t)**2 r.real r.imag t.real t.imag
0.1 0.935395 3.29989e-190 -0.77368 -0.580357 -2.00652e-96 -1.80544e-95 
0.1019 0.934072 8.76988e-190 -0.765715 -0.589705 -2.31214e-96 -2.95236e-95 
0.1038 0.932742 2.37561e-189 -0.757618 -0.598963 -2.18994e-96 -4.8691e-95 
0.1057 0.931405 6.56008e-189 -0.749389 -0.608129 -8.94333e-97 -8.09894e-95 
0.1076 0.930061 1.847e-188 -0.741029 -0.617201 3.20282e-96 -1.35867e-94 
0.1095 0.92871 5.30292e-188 -0.732537 -0.626178 1.35557e-95 -2.29881e-94 
0.1114 0.92735 1.55284e-187 -0.723914 -0.635058 3.73658e-95 -3.92286e-94 
0.1133 0.925983 4.63847e-187 -0.715161 -0.643839 8.94896e-95 -6.75158e-94 
0.1152 0.924608 1.41362e-186 -0.706277 -0.652518 2.00393e-94 -1.17195e-93 
0.1171 0.923224 4.39617e-186 -0.697264 -0.661096 4.32374e-94 -2.05164e-93 
0.119 0.921831 1.39533e-185 -0.68812 -0.669569 9.1276e-94 -3.62218e-93 
0.1209 0.92043 4.52086e-185 -0.678848 -0.677935 1.9021e-93 -6.44908e-93 
0.1228 0.919019 1.4955e-184 -0.669446 -0.686193 3.93486e-93 -1.15787e-92 
0.1247 0.917599 5.05188e-184 -0.659916 -0.694341 8.11142e-93 -2.09617e-92 
0.1266 0.916168 1.74304e-183 -0.650257 -0.702377 1.67072e-92 -3.82611e-92 
0.1285 0.914728 6.14377e-183 -0.640471 -0.710299 3.44515e-92 -7.0405e-92 
0.1304 0.913277 2.21271e-182 -0.630557 -0.718105 7.12304e-92 -1.30588e-91 
0.1323 0.911815 8.14451e-182 -0.620516 -0.725793 1.47837e-91 -2.44109e-91 
0.1342 0.910343 3.06444e-181 -0.610349 -0.73336 3.08299e-91 -4.59778e-91 
0.1361 0.908858 1.1789e-180 -0.600055 -0.740805 6.46481e-91 -8.72331e-91 
0.138 0.907362 4.63811e-180 -0.589635 -0.748126 1.36399e-90 -1.66663e-90 
0.1399 0.905854 1.86656e-179 -0.57909 -0.75532 2.89708e-90 -3.20508e-90 
0.1418 0.904333 7.68573e-179 -0.56842 -0.762385 6.19725e-90 -6.20092e-90 
0.1437 0.902799 3.23873e-178 -0.557626 -0.769319 1.33564e-89 -1.20615e-89 
0.1456 0.901252 1.39707e-177 -0.546707 -0.77612 2.90117e-89 -2.35668e-89 
0.1475 0.89969 6.17066e-177 -0.535665 -0.782786 6.35288e-89 -4.62034e-89 
0.1494 0.898115 2.79143e-176 -0.5245 -0.789313 1.40277e-88 -9.07567e-89 
0.1513 0.896525 1.29366e-175 -0.513212 -0.7957 3.12397e-88 -1.78255e-88 
0.1532 0.89492 6.14382e-175 -0.501803 -0.801944 7.01795e-88 -3.49092e-88 
0.1551 0.893299 2.99091e-174 -0.490272 -0.808043 1.5906e-87 -6.78896e-88 
0.157 0.891663 1.49295e-173 -0.47862 -0.813994 3.63756e-87 -1.30295e-87 
0.1589 0.890009 7.64356e-173 -0.466847 -0.819794 8.39452e-87 -2.44288e-87 
0.1608 0.888339 4.01507e-172 -0.454955 -0.825442 1.955e-86 -4.39375e-87 
0.1627 0.88665 2.1646e-171 -0.442944 -0.830934 4.59489e-86 -7.30048e-87 
0.1646 0.884944 1.19811e-170 -0.430815 -0.836267 1.08989e-85 -1.01245e-86 
0.1665 0.883219 6.81079e-170 -0.418567 -0.841439 2.60885e-85 -6.84184e-87 
0.1684 0.881474 3.97775e-169 -0.406203 -0.846447 6.30146e-85 2.62979e-86 
0.1703 0.879709 2.38768e-168 -0.393722 -0.851288 1.53567e-84 1.71478e-85 
0.1722 0.877923 1.4736e-167 -0.381125 -0.855959 3.77513e-84 6.95979e-85 
0.1741 0.876115 9.3544e-167 -0.368413 -0.860457 9.35884e-84 2.4405e-84 
0.176 0.874286 6.11032e-166 -0.355587 -0.864779 2.33886e-83 8.00035e-84 
0.1779 0.872433 4.10871e-165 -0.342648 -0.868922 5.8892e-83 2.5307e-83 
0.1798 0.870557 2.84531e-164 -0.329597 -0.872882 1.49308e-82 7.84873e-83 
0.1817 0.868656 2.03016e-163 -0.316433 -0.876656 3.80792e-82 2.4086e-82 
0.1836 0.866729 1.49318e-162 -0.303159 -0.880241 9.7575e-82 7.3559e-82 
0.1855 0.864776 1.13262e-161 -0.289776 -0.883632 2.50785e-81 2.24429e-81 
0.1874 0.862796 8.86459e-161 -0.276283 -0.886828 6.44987e-81 6.85895e-81 
0.1893 0.860787 7.16253e-160 -0.262683 -0.889823 1.65427e-80 2.10378e-80 
0.1912 0.858749 5.97775e-159 -0.248976 -0.892614 4.20964e-80 6.48509e-80 
0.1931 0.856681 5.15603e-158 -0.235164 -0.895197 1.05422e-79 2.01113e-79 
0.195 0.85458 4.59886e-157 -0.221247 -0.897569 2.56206e-79 6.27889e-79 
0.1969 0.852447 4.24428e-156 -0.207228 -0.899724 5.88088e-79 1.97444e-78 
0.1988 0.85028 4.05553e-155 -0.193106 -0.90166 1.19582e-78 6.25502e-78 
0.2007 0.848078 4.01478e-154 -0.178884 -0.90337 1.71225e-78 1.99636e-77 
0.2026 0.845838 4.12042e-153 -0.164563 -0.904852 -1.32546e-78 6.41768e-77 
0.2045 0.843561 4.38724e-152 -0.150145 -0.9061 -2.7122e-77 2.07694e-76 
0.2064 0.841243 4.84986e-151 -0.13563 -0.907109 -1.6701e-76 6.76087e-76 
0.2083 0.838884 5.57041e-150 -0.121021 -0.907876 -8.26477e-76 2.21073e-75 
0.2102 0.836482 6.65289e-149 -0.10632 -0.908393 -3.743e-75 7.24699e-75 
0.2121 0.834035 8.26912e-148 -0.0915279 -0.908657 -1.62206e-74 2.37446e-74 
0.214 0.83154 1.07056e-146 -0.076647 -0.908661 -6.86602e-74 7.7404e-74 
0.2159 0.828997 1.44497e-145 -0.0616794 -0.908401 -2.87037e-73 2.49212e-73 
0.2178 0.826402 2.03524e-144 -0.0466272 -0.90787 -1.1928e-72 7.82605e-73 
0.2197 0.823754 2.9944e-143 -0.0314927 -0.907063 -4.94619e-72 2.34077e-72 
0.2216 0.82105 4.60673e-142 -0.0162783 -0.905972 -2.05121e-71 6.31885e-72 
0.2235 0.818288 7.41885e-141 -0.000986676 -0.904592 -8.51545e-71 1.29444e-71 
0.2254 0.815464 1.25209e-139 0.0143795 -0.902916 -3.53848e-70 -7.68069e-73 
0.2273 0.812575 2.21721e-138 0.0298172 -0.900936 -1.46988e-69 -2.38016e-70 
0.2292 0.809619 4.12474e-137 0.0453235 -0.898646 -6.08712e-69 -2.04799e-69 
0.2311 0.806593 8.07184e-136 0.0608949 -0.896038 -2.50068e-68 -1.3485e-68 
0.233 0.803491 1.66393e-134 0.0765278 -0.893104 -1.01034e-67 -8.01964e-68 
0.2349 0.800312 3.61831e-133 0.0922185 -0.889836 -3.95154e-67 -4.53524e-67 
0.2368 0.797049 8.31271e-132 0.107963 -0.886224 -1.44847e-66 -2.49292e-66 
0.2387 0.7937 2.02081e-130 0.123757 -0.882261 -4.58301e-66 -1.34565e-65 
0.2406 0.790259 5.20673e-129 0.139595 -0.877937 -8.7722e-66 -7.16225e-65 
0.2425 0.786721 1.42426e-127 0.155472 -0.873241 3.52052e-65 -3.75748e-64 
0.2444 0.783081 4.14326e-126 0.171383 -0.868164 6.37027e-64 -1.93325e-63 
0.2463 0.779331 1.28403e-124 0.187323 -0.862694 5.95703e-63 -9.63933e-63 
0.2482 0.775467 4.24645e-123 0.203283 -0.856821 4.67446e-62 -4.54025e-62 
0.2501 0.77148 1.5011e-121 0.219258 -0.850533 3.37691e-61 -1.89935e-61 
0.252 0.767363 5.68081e-120 0.235239 -0.843816 2.31462e-60 -5.68649e-61 
0.2539 0.763107 2.30504e-118 0.251219 -0.836658 1.51674e-59 6.73813e-61 
0.2558 0.758704 1.00434e-116 0.267187 -0.829045 9.43328e-59 3.38335e-59 
0.2577 0.754143 4.70714e-115 0.283134 -0.820962 5.42109e-58 4.20513e-58 
0.2596 0.749413 2.37802e-113 0.299049 -0.812393 2.67081e-57 4.08008e-57 
0.2615 0.744502 1.29833e-111 0.314919 -0.803323 8.26268e-57 3.50721e-56 
0.2634 0.739397 7.68458e-110 0.33073 -0.793735 -3.71646e-56 2.74708e-55 
0.2653 0.734083 4.94865e-108 0.346468 -0.783609 -1.10338e-54 1.93163e-54 
0.2672 0.728544 3.48102e-106 0.362116 -0.772927 -1.48835e-53 1.1251e-53 
0.2691 0.722762 2.68611e-104 0.377654 -0.761669 -1.59903e-52 3.59484e-53 
0.271 0.716716 2.28395e-102 0.393062 -0.749813 -1.47196e-51 -3.42457e-52 
0.2729 0.710385 2.14994e-100 0.408315 -0.737336 -1.11753e-50 -9.49243e-51 
0.2748 0.703744 2.25144e-98 0.423387 -0.724215 -5.32247e-50 -1.40291e-49 
0.2767 0.696765 2.63632e-96 0.438248 -0.710425 2.79342e-49 -1.59947e-48 
0.2786 0.689417 3.46996e-94 0.452862 -0.69594 1.26068e-47 -1.37137e-47 
0.2805 0.681665 5.16182e-92 0.467191 -0.680733 2.21818e-46 -4.9143e-47 
0.2824 0.673469 8.72681e-90 0.481188 -0.664776 2.67912e-45 1.24463e-45 
0.2843 0.664787 1.68631e-87 0.494803 -0.648041 1.72731e-44 3.72551e-44 
0.2862 0.655569 3.74525e-85 0.507974 -0.6305 -1.94002e-43 5.80421e-43 
0.2881 0.645758 9.61246e-83 0.520633 -0.612127 -8.91409e-42 4.08211e-42 
0.29 0.635294 2.86509e-80 0.532699 -0.592896 -1.51692e-40 -7.5102e-41 
0.2919 0.624108 9.95779e-78 0.54408 -0.572787 -4.46405e-40 -3.12386e-39 
0.2938 0.612124 4.04639e-75 0.554667 -0.551786 5.05469e-38 -3.86187e-38 
0.2957 0.59926 1.92337e-72 0.564337 -0.52989 1.20897e-36 6.79519e-37 
0.2976 0.585432 1.06641e-69 0.572948 -0.507112 -7.27857e-36 3.18344e-35 
0.2995 0.570551 6.84473e-67 0.580339 -0.483485 -8.25098e-34 -6.07085e-35 
0.3014 0.554538 5.01373e-64 0.586333 -0.459077 1.71912e-33 -2.23253e-32 
0.3033 0.537326 4.0946e-61 0.590741 -0.433995 6.19172e-31 1.61513e-31 
0.3052 0.518881 3.60038e-58 0.593371 -0.408402 -1.1162e-29 1.53443e-29 
0.3071 0.499214 3.24638e-55 0.594046 -0.382522 -1.97358e-28 -5.34498e-28 
0.309 0.478409 2.81673e-52 0.592631 -0.356649 1.50103e-26 7.5075e-27 
0.3109 0.456638 2.17749e-49 0.589057 -0.331133 -4.65983e-25 2.46693e-26 
0.3128 0.434166 1.3773e-46 0.583359 -0.306363 1.10783e-23 -3.87308e-24 
0.3147 0.411341 6.54925e-44 0.575684 -0.282718 -2.35442e-22 1.00298e-22 
0.3166 0.388556 2.17534e-41 0.566288 -0.260526 4.48167e-21 -1.29155e-21 
0.3185 0.366201 4.78607e-39 0.55551 -0.240019 -6.91795e-20 5.26651e-22 
0.3204 0.344612 6.78264e-37 0.543719 -0.221317 7.66546e-19 3.01117e-19 
0.3223 0.324045 6.16921e-35 0.531274 -0.204433 -5.3343e-18 -5.76518e-18 
0.3242 0.304661 3.65927e-33 0.518487 -0.189293 1.58411e-17 5.83809e-17 
0.3261 0.28654 1.45698e-31 0.505613 -0.175771 8.28781e-17 -3.72598e-16 
0.328 0.269694 4.03589e-30 0.492841 -0.163712 -1.26693e-15 1.5591e-15 
0.3299 0.25409 8.07794e-29 0.480308 -0.152953 8.04791e-15 -4.00131e-15 
0.3318 0.239666 1.2122e-27 0.468103 -0.14334 -3.47003e-14 2.84392e-15 
0.3337 0.226345 1.41133e-26 0.456282 -0.134726 1.15293e-13 2.86514e-14 
0.3356 0.214041 1.31475e-25 0.444878 -0.126986 -3.16311e-13 -1.77261e-13 
0.3375 0.202672 1.00694e-24 0.433901 -0.120006 7.55618e-13 6.60288e-13 
0.3394 0.192155 6.49226e-24 0.423355 -0.11369 -1.65177e-12 -1.94008e-12 
0.3413 0.182414 3.59683e-23 0.413231 -0.107954 3.47117e-12 4.89074e-12 
0.3432 0.173379 1.74284e-22 0.403518 -0.102727 -7.31161e-12 -1.0992e-11 
0.3451 0.164987 7.49953e-22 0.3942 -0.0979467 1.57472e-11 2.24049e-11 
0.347 0.157178 2.90378e-21 0.385259 -0.0935617 -3.43892e-11 -4.14869e-11 
0.3489 0.149902 1.02326e-20 0.376679 -0.0895266 7.41818e-11 6.87723e-11 
0.3508 0.143111 3.31418e-20 0.368441 -0.0858024 -1.53548e-10 -9.77995e-11 
0.3527 0.136762 9.95071e-20 0.360527 -0.0823557 2.97434e-10 1.05073e-10 
0.3546 0.130819 2.79035e-19 0.35292 -0.0791573 -5.27049e-10 -3.54166e-11 
0.3565 0.125246 7.3557e-19 0.345605 -0.076182 8.3137e-10 -2.10701e-10 
0.3584 0.120014 1.8333e-18 0.338564 -0.0734077 -1.11417e-09 7.69362e-10 
0.3603 0.115095 4.34187e-18 0.331784 -0.0708151 1.12696e-09 -1.75267e-09 
0.3622 0.110465 9.81488e-18 0.325251 -0.0683872 -4.35078e-10 3.10251e-09 
0.3641 0.1061 2.12604e-17 0.318951 -0.0661091 -1.48608e-09 -4.36486e-09 
0.366 0.101981 4.42853e-17 0.312872 -0.0639676 4.90798e-09 4.49411e-09 
0.3679 0.0980892 8.89829e-17 0.307004 -0.0619508 -9.22986e-09 -1.94747e-09 
0.3698 0.0944081 1.72953e-16 0.301334 -0.0600484 1.23252e-08 -4.58731e-09 
0.3717 0.0909226 3.25998e-16 0.295854 -0.0582511 -1.05025e-08 1.46865e-08 
0.3736 0.0876189 5.97236e-16 0.290553 -0.0565503 -2.59575e-11 -2.44384e-08 
0.3755 0.0844845 1.06563e-15 0.285423 -0.0549388 1.97529e-08 2.59895e-08 
0.3774 0.0815079 1.85523e-15 0.280456 -0.0534097 -4.17732e-08 -1.0499e-08 
0.3793 0.0786787 3.15679e-15 0.275643 -0.0519569 5.05131e-08 -2.46012e-08 
0.3812 0.075987 5.25785e-15 0.270978 -0.0505749 -2.78597e-08 6.69454e-08 
0.3831 0.0734243 8.58393e-15 0.266454 -0.0492588 -3.19172e-08 -8.69783e-08 
0.385 0.0709822 1.3754e-14 0.262064 -0.0480039 1.05546e-07 5.11281e-08 
0.3869 0.0686533 2.1654e-14 0.257803 -0.0468062 -1.38828e-07 4.87939e-08 
0.3888 0.0664308 3.35331e-14 0.253665 -0.0456619 7.52417e-08 -1.66948e-07 
0.3907 0.0643082 5.1128e-14 0.249644 -0.0445676 8.91981e-08 2.07778e-07 
0.3926 0.0622796 7.68212e-14 0.245735 -0.04352 -2.6331e-07 -8.65383e-08 
0.3945 0.0603396 1.13841e-13 0.241934 -0.0425163 2.87931e-07 -1.7589e-07 
0.3964 0.0584832 1.66512e-13 0.238236 -0.0415539 -5.65362e-08 4.04124e-07 
0.3983 0.0567055 2.40562e-13 0.234637 -0.0406302 -3.38368e-07 -3.55062e-07 
0.4002 0.0550022 3.43499e-13 0.231134 -0.039743 5.82724e-07 -6.26979e-08 
0.4021 0.0533694 4.8507e-13 0.227721 -0.0388902 -3.52804e-07 6.00499e-07 
0.404 0.0518031 6.77813e-13 0.224396 -0.0380699 -3.33062e-07 -7.52916e-07 
0.4059 0.0502998 9.37712e-13 0.221156 -0.0372803 9.50583e-07 1.84673e-07 
0.4078 0.0488562 1.28498e-12 0.217997 -0.0365197 -8.02013e-07 8.01094e-07 
0.4097 0.0474693 1.74496e-12 0.214915 -0.0357865 -2.68343e-07 -1.29343e-06 
0.4116 0.0461362 2.34923e-12 0.21191 -0.0350794 1.43322e-06 5.43235e-07 
0.4135 0.0448541 3.13681e-12 0.208976 -0.034397 -1.40498e-06 1.07835e-06 
0.4154 0.0436206 4.15562e-12 0.206112 -0.033738 -2.3053e-07 -2.02546e-06 
0.4173 0.0424331 5.46413e-12 0.203316 -0.0331013 2.13843e-06 9.44068e-07 
0.4192 0.0412896 7.13324e-12 0.200585 -0.0324858 -2.14569e-06 1.59036e-06 
0.4211 0.0401879 9.2484e-12 0.197916 -0.0318905 -4.00657e-07 -3.01461e-06 
0.423 0.039126 1.19121e-11 0.195309 -0.0313143 3.22723e-06 1.22356e-06 
0.4249 0.0381022 1.52465e-11 0.192759 -0.0307565 -2.92329e-06 2.58859e-06 
0.4268 0.0371145 1.93964e-11 0.190267 -0.0302161 -1.09667e-06 -4.26541e-06 
0.4287 0.0361614 2.45331e-11 0.187829 -0.0296924 4.84308e-06 1.03814e-06 
0.4306 0.0352413 3.08576e-11 0.185444 -0.0291846 -3.4233e-06 4.37478e-06 
0.4325 0.0343528 3.86051e-11 0.183111 -0.028692 -2.77905e-06 -5.55715e-06 
0.4344 0.0334944 4.80494e-11 0.180827 -0.028214 6.92863e-06 -2.08544e-07 
0.4363 0.0326649 5.95085e-11 0.178591 -0.02775 -2.9636e-06 7.12219e-06 
0.4382 0.0318629 7.33494e-11 0.176402 -0.0272993 -5.90681e-06 -6.20154e-06 
0.4401 0.0310874 8.99949e-11 0.174258 -0.0268613 8.89703e-06 -3.29208e-06 
0.442 0.0303372 1.09929e-10 0.172158 -0.0264357 -4.58368e-07 1.04747e-05 
0.4439 0.0296113 1.33707e-10 0.1701 -0.0260218 -1.04934e-05 -4.85751e-06 
0.4458 0.0289086 1.61959e-10 0.168084 -0.0256193 9.26324e-06 -8.72647e-06 
0.4477 0.0282282 1.95401e-10 0.166108 -0.0252276 5.20832e-06 1.29721e-05 
0.4496 0.0275691 2.34844e-10 0.16417 -0.0248463 -1.53227e-05 2.41555e-07 
0.4515 0.0269307 2.81202e-10 0.16227 -0.024475 5.63538e-06 -1.57938e-05 
0.4534 0.0263119 3.35505e-10 0.160407 -0.0241134 1.40818e-05 1.17136e-05 
0.4553 0.0257121 3.98906e-10 0.15858 -0.0237611 -1.72019e-05 1.01489e-05 
0.4572 0.0251305 4.72698e-10 0.156787 -0.0234177 -4.23693e-06 -2.13248e-05 
0.4591 0.0245664 5.58322e-10 0.155028 -0.023083 2.34174e-05 3.15415e-06 
0.461 0.0240191 6.57381e-10 0.153301 -0.0227565 -1.13179e-05 2.30062e-05 
0.4629 0.0234881 7.71658e-10 0.151607 -0.0224381 -1.98667e-05 -1.94158e-05 
0.4648 0.0229726 9.03126e-10 0.149943 -0.0221274 2.65643e-05 -1.40522e-05 
0.4667 0.0224721 1.05397e-09 0.14831 -0.0218241 5.89339e-06 3.19254e-05 
0.4686 0.0219861 1.22658e-09 0.146706 -0.021528 -3.47899e-05 -4.03031e-06 
0.4705 0.021514 1.42362e-09 0.145131 -0.0212389 1.49427e-05 -3.46459e-05 
0.4724 0.0210553 1.64799e-09 0.143583 -0.0209564 3.12272e-05 2.59395e-05 
0.4743 0.0206096 1.90288e-09 0.142063 -0.0206805 -3.6066e-05 2.45381e-05 
0.4762 0.0201763 2.19177e-09 0.140569 -0.0204108 -1.48542e-05 -4.43973e-05 
0.4781 0.019755 2.51846e-09 0.139101 -0.0201472 5.01115e-05 -2.70056e-06 
0.48 0.0193454 2.8871e-09 0.137658 -0.0198895 -1.1189e-05 5.25538e-05 
0.4819 0.018947 3.3022e-09 0.13624 -0.0196374 -5.12838e-05 -2.59264e-05 
0.4838 0.0185594 3.76866e-09 0.134846 -0.0193909 4.05336e-05 -4.61052e-05 
0.4857 0.0181822 4.29179e-09 0.133475 -0.0191497 3.7078e-05 5.40093e-05 
0.4876 0.0178152 4.87733e-09 0.132127 -0.0189136 -6.53951e-05 2.45114e-05 
0.4895 0.0174579 5.53149e-09 0.130801 -0.0186826 -8.94118e-06 -7.38346e-05 
0.4914 0.01711 6.26098e-09 0.129496 -0.0184564 7.86237e-05 8.90529e-06 
0.4933 0.0167712 7.07302e-09 0.128213 -0.0182349 -2.81548e-05 7.92485e-05 
0.4952 0.0164412 7.97537e-09 0.126951 -0.018018 -7.54107e-05 -4.78392e-05 
0.4971 0.0161198 8.97637e-09 0.125709 -0.0178054 6.69492e-05 -6.70386e-05 
0.499 0.0158066 1.0085e-08 0.124487 -0.0175972 5.42854e-05 8.44872e-05 
0.5009 0.0155014 1.13108e-08 0.123284 -0.0173932 -9.95153e-05 3.75167e-05 
0.5028 0.015204 1.26641e-08 0.1221 -0.0171932 -1.72866e-05 -0.000111199 
0.5047 0.014914 1.41558e-08 0.120934 -0.0169972 0.000118842 5.69204e-06 
0.5066 0.0146312 1.57977e-08 0.119787 -0.016805 -3.05844e-05 0.000121911 
0.5085 0.0143555 1.76021e-08 0.118657 -0.0166165 -0.000120054 -5.64724e-05 
0.5104 0.0140866 1.95825e-08 0.117544 -0.0164316 8.23946e-05 -0.000113109 
0.5123 0.0138242 2.1753e-08 0.116448 -0.0162502 0.000101101 0.000107385 
0.5142 0.0135683 2.41285e-08 0.115369 -0.0160723 -0.00013051 8.4235e-05 
0.5161 0.0133185 2.6725e-08 0.114306 -0.0158977 -6.2882e-05 -0.0001509 
0.518 0.0130747 2.95594e-08 0.113258 -0.0157263 0.000167776 -3.75582e-05 
0.5199 0.0128368 3.26496e-08 0.112226 -0.0155581 8.90185e-06 0.000180472 
0.5218 0.0126045 3.60145e-08 0.11121 -0.0153929 -0.000188454 -2.23531e-05 
0.5237 0.0123777 3.96741e-08 0.110208 -0.0152307 5.54039e-05 -0.000191323 
0.5256 0.0121562 4.36496e-08 0.10922 -0.0150715 0.000188828 8.94062e-05 
0.5275 0.0119399 4.79633e-08 0.108247 -0.014915 -0.000123501 0.000180861 
0.5294 0.0117286 5.26385e-08 0.107288 -0.0147614 -0.000167454 -0.000156837 
0.5313 0.0115222 5.77002e-08 0.106343 -0.0146104 0.000188596 -0.000148767 
0.5332 0.0113205 6.31742e-08 0.10541 -0.0144621 0.000125084 0.00021801 
0.5351 0.0111234 6.90881e-08 0.104491 -0.0143163 -0.000244376 9.67896e-05 
0.537 0.0109308 7.54703e-08 0.103585 -0.014173 -6.43614e-05 -0.000267073 
0.5389 0.0107425 8.23513e-08 0.102692 -0.0140322 0.000285565 -2.83487e-05 
0.5408 0.0105584 8.97625e-08 0.10181 -0.0138937 -1.06428e-05 0.000299415 
0.5427 0.0103784 9.77371e-08 0.100941 -0.0137575 -0.00030828 -5.19679e-05 
0.5446 0.0102024 1.0631e-07 0.100084 -0.0136236 9.4958e-05 -0.000311918 
0.5465 0.0100303 1.15517e-07 0.0992382 -0.013492 0.000310183 0.000138936 
0.5484 0.00986189 1.25396e-07 0.098404 -0.0133624 -0.000183232 0.000303022 
0.5503 0.0096972 1.35988e-07 0.0975809 -0.013235 -0.000290468 -0.000227191 
0.5522 0.00953608 1.47332e-07 0.0967689 -0.0131097 0.000270189 -0.000272635 
0.5541 0.00937842 1.59473e-07 0.0959676 -0.0129863 0.000249709 0.000311639 
0.556 0.00922414 1.72456e-07 0.0951769 -0.012865 -0.000350999 0.000221936 
0.5579 0.00907316 1.86327e-07 0.0943966 -0.0127455 -0.000189619 -0.000387778 
0.5598 0.00892537 2.01135e-07 0.0936264 -0.0126279 0.000421538 -0.000153105 
0.5617 0.0087807 2.16932e-07 0.0928663 -0.0125122 0.000112776 0.0004519 
0.5636 0.00863906 2.33769e-07 0.0921159 -0.0123982 -0.000478542 6.90386e-05 
0.5655 0.00850039 2.51702e-07 0.0913753 -0.012286 -2.23202e-05 -0.000501202 
0.5674 0.00836459 2.70788e-07 0.090644 -0.0121755 0.000519674 2.69436e-05 
0.5693 0.0082316 2.91085e-07 0.0899221 -0.0120667 -7.83144e-05 0.000533809 
0.5712 0.00810133 3.12656e-07 0.0892093 -0.0119596 -0.000543508 -0.000131357 
0.5731 0.00797374 3.35564e-07 0.0885055 -0.011854 0.000185647 -0.000548725 
0.575 0.00784874 3.59875e-07 0.0878105 -0.01175 0.000549457 0.000240774 
0.5769 0.00772627 3.85657e-07 0.0871241 -0.0116476 -0.000296347 0.000545743 
0.5788 0.00760627 4.12981e-07 0.0864462 -0.0115466 -0.000537661 -0.000351996 
0.5807 0.00748868 4.4192e-07 0.0857767 -0.0114471 0.000407379 -0.000525322 
0.5826 0.00737343 4.7255e-07 0.0851154 -0.0113491 0.000508863 0.000462179 
0.5845 0.00726047 5.0495e-07 0.0844621 -0.0112525 -0.000516109 0.000488447 
0.5864 0.00714975 5.39199e-07 0.0838168 -0.0111573 -0.000464259 -0.000568913 
0.5883 0.0070412 5.75381e-07 0.0831793 -0.0110634 0.000620363 -0.000436498 
0.5902 0.00693477 6.13582e-07 0.0825495 -0.0109709 0.000405374 0.000670264 
0.5921 0.00683042 6.53892e-07 0.0819271 -0.0108796 -0.000718449 0.00037111 
0.594 0.0067281 6.96402e-07 0.0813122 -0.0107897 -0.000333932 -0.000764782 
0.5959 0.00662774 7.41205e-07 0.0807046 -0.010701 0.000809153 -0.000294068 
0.5978 0.00652932 7.884e-07 0.0801041 -0.0106135 0.000251748 0.000851483 
0.5997 0.00643277 8.38086e-07 0.0795107 -0.0105272 -0.000891714 0.0002072 
0.6016 0.00633807 8.90367e-07 0.0789242 -0.0104421 -0.000160646 -0.000929817 
0.6035 0.00624515 9.45349e-07 0.0783445 -0.0103582 0.000965783 -0.000112303 
0.6054 0.006154 1.00314e-06 0.0777716 -0.0102753 6.23818e-05 0.000999624 
0.6073 0.00606455 1.06385e-06 0.0772052 -0.0101936 -0.00103137 1.10832e-05 
0.6092 0.00597678 1.1276e-06 0.0766453 -0.010113 4.14008e-05 -0.00106108 
0.6111 0.00589063 1.19451e-06 0.0760918 -0.0100335 0.00108881 9.48885e-05 
0.613 0.0058061 1.26469e-06 0.0755446 -0.00995498 -0.000149209 0.00111464 
0.6149 0.0057231 1.33827e-06 0.0750036 -0.00987753 -0.00113867 -0.000204201 
0.6168 0.00564165 1.41538e-06 0.0744687 -0.00980106 0.000259716 -0.001161 
0.6187 0.00556167 1.49616e-06 0.0739397 -0.00972562 0.00118175 0.000315616 
0.6206 0.00548316 1.58073e-06 0.0734167 -0.0096511 -0.000371772 0.00120105 
0.6225 0.00540606 1.66923e-06 0.0728994 -0.00957761 -0.00121901 -0.000428068 
0.6244 0.00533037 1.7618e-06 0.072388 -0.00950496 0.000484396 -0.00123578 
0.6263 0.00525602 1.8586e-06 0.0718821 -0.00943335 0.00125151 0.000540659 
0.6282 0.00518302 1.95976e-06 0.0713818 -0.00936252 -0.000596769 0.00126634 
0.6301 0.0051113 2.06544e-06 0.0708869 -0.00929271 -0.00128043 -0.000652644 
0.632 0.00504087 2.1758e-06 0.0703974 -0.00922362 0.000708211 -0.00129392 
0.6339 0.00497168 2.29099e-06 0.0699132 -0.00915556 0.00130698 0.000763406 
0.6358 0.00490371 2.41117e-06 0.0694342 -0.00908816 -0.000818167 0.00131976 
0.6377 0.00483692 2.53652e-06 0.0689603 -0.00902178 -0.00133243 -0.000872441 
0.6396 0.00477131 2.6672e-06 0.0684916 -0.008956 0.000926176 -0.00134514 
0.6415 0.00470683 2.80338e-06 0.0680278 -0.00889125 0.00135805 0.000979326 
0.6434 0.00464348 2.94524e-06 0.0675689 -0.00882704 -0.00103185 0.00137133 
0.6453 0.00458121 3.09297e-06 0.0671148 -0.00876386 -0.00138513 -0.00108369 
0.6472 0.00452001 3.24674e-06 0.0666656 -0.00870117 0.00113483 -0.00139961 
0.6491 0.00445986 3.40675e-06 0.066221 -0.00863951 0.00141493 0.00118521 
0.651 0.00440074 3.57318e-06 0.0657811 -0.00857828 -0.00123479 0.00143125 
0.6529 0.00434262 3.74624e-06 0.0653457 -0.00851809 -0.00144871 -0.00128354 
0.6548 0.00428548 3.92611e-06 0.0649148 -0.00845828 0.0013314 -0.00146748 
0.6567 0.0042293 4.11302e-06 0.0644884 -0.0083995 0.0014877 0.00137832 
0.6586 0.00417407 4.30715e-06 0.0640663 -0.00834106 -0.00142425 0.00150953 
0.6605 0.00411976 4.50873e-06 0.0636485 -0.00828366 -0.0015331 -0.00146913 
0.6624 0.00406635 4.71797e-06 0.0632351 -0.00822654 0.0015129 -0.00155855 
0.6643 0.00401383 4.93509e-06 0.0628257 -0.00817047 0.00158604 0.00155549 
0.6662 0.00396217 5.16031e-06 0.0624205 -0.00811462 -0.00159682 0.00161569 
0.6681 0.00391137 5.39385e-06 0.0620194 -0.00805984 -0.00164764 -0.00163681 
0.67 0.00386139 5.63596e-06 0.0616223 -0.00800523 0.00167535 -0.00168201 
0.6719 0.00381224 5.88686e-06 0.0612292 -0.0079517 0.00171892 0.00171236 
0.6738 0.00376388 6.14679e-06 0.0608399 -0.00789829 -0.00174771 0.0017585 
0.6757 0.00371631 6.416e-06 0.0604545 -0.00784597 -0.00180084 -0.00178128 
0.6776 0.00366951 6.69473e-06 0.060073 -0.00779372 0.00181295 -0.00184606 
0.6795 0.00362346 6.98323e-06 0.0596951 -0.00774257 0.00189426 0.00184256 
0.6814 0.00357814 7.28177e-06 0.059321 -0.00769143 -0.00186995 0.00194552 
0.6833 0.00353355 7.59059e-06 0.0589505 -0.00764143 -0.00199992 -0.00189497 
0.6852 0.00348967 7.90996e-06 0.0585836 -0.00759138 0.00191743 -0.00205753 
0.6871 0.00344649 8.24015e-06 0.0582202 -0.00754248 0.00211841 0.00193714 
0.689 0.00340398 8.58143e-06 0.0578604 -0.00749348 -0.00195389 0.0021826 
0.6909 0.00336215 8.93407e-06 0.057504 -0.00744565 -0.00225015 -0.00196746 
0.6928 0.00332097 9.29836e-06 0.0571511 -0.00739766 0.00197762 -0.00232107 
0.6947 0.00328043 9.67458e-06 0.0568014 -0.00735088 0.00239537 0.00198413 
0.6966 0.00324054 1.0063e-05 0.0564552 -0.00730388 -0.00198674 0.00247303 
0.6985 0.00320125 1.04639e-05 0.0561121 -0.00725811 -0.00255403 -0.00198517 
0.7004 0.00316258 1.08777e-05 0.0557724 -0.00721207 0.00197914 -0.00263831 
0.7023 0.00312449 1.13045e-05 0.0554357 -0.00716727 0.00272581 0.00196837 
0.7042 0.003087 1.17448e-05 0.0551024 -0.00712216 -0.00195256 0.00281643 
0.7061 0.00305006 1.21987e-05 0.0547719 -0.00707831 -0.00291006 -0.00193139 
0.708 0.00301372 1.26667e-05 0.0544449 -0.00703412 0.00190454 -0.00300656 
0.7099 0.00297789 1.3149e-05 0.0541204 -0.00699118 0.00310576 0.0018717 
0.7118 0.00294265 1.3646e-05 0.0537994 -0.00694787 -0.00183254 0.00320747 
0.7137 0.00290789 1.4158e-05 0.0534809 -0.00690582 -0.00331145 -0.0017867 
0.7156 0.00287371 1.46853e-05 0.0531658 -0.00686338 0.00173387 -0.00341745 
0.7175 0.00283998 1.52282e-05 0.052853 -0.00682217 0.00352518 0.00167371 
0.7194 0.00280682 1.57871e-05 0.0525437 -0.00678059 -0.00160587 0.00363432 
0.7213 0.00277408 1.63624e-05 0.0522365 -0.0067402 -0.00374451 -0.00153004 
0.7232 0.00274191 1.69542e-05 0.0519329 -0.00669946 0.00144588 -0.00385535 
0.7251 0.00271012 1.75632e-05 0.0516311 -0.00665984 0.0039664 0.00135308 
0.727 0.0026789 1.81894e-05 0.051333 -0.00661994 -0.00125134 0.0040772 
0.7289 0.00264804 1.88334e-05 0.0510365 -0.00658106 -0.00418724 -0.00114038 
0.7308 0.00261773 1.94955e-05 0.0507438 -0.00654199 0.00101992 -0.00429596 
0.7327 0.00258775 2.01761e-05 0.0504525 -0.00650381 0.00440277 0.000889737 
0.7346 0.00255833 2.08754e-05 0.050165 -0.00646556 -0.000749602 0.00450705 
0.7365 0.00252921 2.15939e-05 0.0498788 -0.00642805 -0.00460812 -0.000599332 
0.7384 0.00250064 2.2332e-05 0.0495964 -0.00639062 0.000438776 -0.00470526 
0.7403 0.00247235 2.30901e-05 0.0493151 -0.00635373 0.00479774 0.000267825 
0.7422 0.00244461 2.38684e-05 0.0490377 -0.00631713 -8.64097e-05 0.00488477 
0.7441 0.00241711 2.46675e-05 0.0487612 -0.00628083 -0.00496552 0.000105489 
0.746 0.00239016 2.54877e-05 0.0484887 -0.00624504 -0.000307837 -0.00503914 
0.7479 0.00236343 2.63293e-05 0.048217 -0.00620929 0.00510474 -0.000520544 
0.7498 0.00233725 2.71929e-05 0.0479492 -0.00617432 0.000743458 0.00516141 
0.7517 0.00231127 2.80788e-05 0.0476821 -0.00613908 -0.00520821 0.000976358 
0.7536 0.00228582 2.89873e-05 0.0474189 -0.00610492 -0.00121895 -0.00524419 
0.7555 0.00226056 2.9919e-05 0.0471563 -0.00607018 0.00526835 -0.00147088 
0.7574 0.00223582 3.08743e-05 0.0468975 -0.00603683 0.00173169 0.00527973 
0.7593 0.00221127 3.18534e-05 0.0466395 -0.00600254 -0.00527731 0.00200085 
0.7612 0.00218721 3.2857e-05 0.046385 -0.00596998 -0.00227775 -0.00526012 
0.7631 0.00216334 3.38853e-05 0.0461314 -0.00593615 0.00522716 -0.00256167 
0.765 0.00213994 3.49388e-05 0.0458811 -0.00590436 0.00285181 0.00517746 
0.7669 0.00211673 3.6018e-05 0.0456318 -0.00587098 -0.00511006 0.00314727 
0.7688 0.00209395 3.71233e-05 0.0453855 -0.00583992 -0.00344704 -0.00502406 
0.7707 0.0020714 3.82551e-05 0.0451406 -0.00580699 0.00491857 -0.00375004 
0.7726 0.00204922 3.94139e-05 0.0448982 -0.00577663 0.00405505 0.00479275 
0.7745 0.00202729 4.06001e-05 0.0446575 -0.00574417 -0.00464584 0.00436077 
0.7764 0.00200569 4.18142e-05 0.0444189 -0.00571444 -0.0046658 -0.00447711 
0.7783 0.00198438 4.30566e-05 0.0441824 -0.0056825 0.00428595 -0.00496863 
0.7802 0.00196333 4.43277e-05 0.0439474 -0.00565333 0.00526765 0.00407181 
0.7821 0.00194261 4.56281e-05 0.0437151 -0.00562194 -0.00383425 0.00556118 
0.784 0.00192211 4.69582e-05 0.0434836 -0.00559327 -0.00584742 -0.00357294 
0.7859 0.00190197 4.83185e-05 0.0432553 -0.00556249 0.00328768 -0.00612451 
0.7878 0.00188197 4.97093e-05 0.0430273 -0.00553422 0.0063905 0.00297839 
0.7897 0.00186239 5.11313e-05 0.042803 -0.00550411 -0.00264514 0.00664338 
0.7916 0.0018429 5.25849e-05 0.0425783 -0.00547615 -0.00688107 -0.00228817 
0.7935 0.00182386 5.40705e-05 0.0423579 -0.00544678 0.00190785 -0.00710145 
0.7954 0.00180486 5.55886e-05 0.0421366 -0.00541905 0.00730235 0.00150476 
0.7973 0.00178634 5.71398e-05 0.0419199 -0.00539048 -0.00107965 0.00748159 
0.7992 0.00176781 5.87245e-05 0.0417019 -0.00536289 -0.00763697 -0.000633454 
0.8011 0.00174979 6.03432e-05 0.0414888 -0.00533517 0.000167326 -0.00776629 
0.803 0.00173172 6.19964e-05 0.0412741 -0.00530765 0.00786738 -0.000317386 
0.8049 0.00171418 6.36846e-05 0.0410645 -0.00528082 0.000819121 0.00793811 
0.8068 0.00169657 6.54083e-05 0.0408531 -0.00525333 -0.00797641 0.0013361 
0.8087 0.00167948 6.7168e-05 0.0406467 -0.00522741 -0.00186633 -0.00798028 
0.8106 0.00166233 6.89642e-05 0.0404387 -0.00519991 0.00794781 -0.00240759 
0.8125 0.00164567 7.07974e-05 0.0402354 -0.00517488 0.00295745 0.00787724 
0.8144 0.00162897 7.26681e-05 0.0400309 -0.0051474 -0.00776693 0.00351326 
0.8163 0.00161271 7.45769e-05 0.0398304 -0.0051232 -0.00407217 -0.0076154 
0.8182 0.00159646 7.65242e-05 0.0396294 -0.00509578 0.00742139 -0.00463112 
0.8201 0.00158058 7.85107e-05 0.0394316 -0.00507233 0.00518686 0.00718381 
0.822 0.00156477 8.05367e-05 0.0392341 -0.00504508 -0.00690185 0.00573595 
0.8239 0.00154925 8.26028e-05 0.0390388 -0.00502223 -0.00627481 -0.00657492 
0.8258 0.00153388 8.47096e-05 0.038845 -0.00499527 0.00620273 -0.00679969 
0.8277 0.0015187 8.68576e-05 0.038652 -0.00497287 0.00730671 0.00578529 
0.8296 0.00150377 8.90472e-05 0.0384617 -0.00494635 -0.00532292 0.0077919 
0.8315 0.00148892 9.12792e-05 0.038271 -0.00492421 -0.00825121 -0.0048163 
0.8334 0.0014744 9.35539e-05 0.0380842 -0.00489832 0.00426646 -0.00868051 
0.8353 0.00145987 9.5872e-05 0.0378958 -0.00487624 0.00907567 0.0036748 
0.8372 0.00144576 9.82339e-05 0.0377124 -0.00485115 -0.0030431 0.00943257 
0.8391 0.00143154 0.00010064 0.0375263 -0.00482895 -0.00974712 -0.00237357 
0.841 0.00141782 0.000103091 0.0373461 -0.00480483 0.00166878 -0.0100153 
0.8429 0.00140391 0.000105588 0.0371623 -0.00478232 0.0102333 0.000931744 
0.8448 0.00139055 0.000108131 0.0369851 -0.0047593 -0.000165871 0.0103973 
0.8467 0.00137696 0.000110721 0.0368039 -0.00473637 -0.0105038 0.000625019 
0.8486 0.00136393 0.000113357 0.0366293 -0.00471453 -0.0014367 -0.0105496 
0.8505 0.00135067 0.000116042 0.0364508 -0.00469112 0.0105315 -0.00226457 
0.8524 0.00133795 0.000118774 0.0362787 -0.00467046 0.00310364 0.0104471 
0.8543 0.00132502 0.000121556 0.0361031 -0.00464659 -0.0102939 0.00394856 
0.8562 0.00131259 0.000124387 0.035933 -0.00462704 -0.00479366 -0.0100701 
0.8581 0.0013 0.000127268 0.0357606 -0.00460282 0.00977432 -0.00563297 
0.86 0.00128782 0.000130199 0.0355922 -0.00458419 0.00646025 0.00940555 
0.8619 0.00127559 0.000133182 0.0354231 -0.00455983 -0.00896343 0.00726902 
0.8638 0.00126363 0.000136216 0.0352563 -0.00454187 -0.00805264 -0.00844813 
0.8657 0.00125176 0.000139303 0.0350906 -0.00451764 0.00786044 -0.00880432 
0.8676 0.00124001 0.000142442 0.0349251 -0.00450004 0.00951717 0.00720177 
0.8695 0.0012285 0.000145635 0.0347629 -0.00447627 -0.00647416 0.0101843 
0.8714 0.00121695 0.000148881 0.0345987 -0.00445865 -0.0107988 -0.00568036 
0.8733 0.00120578 0.000152183 0.0344398 -0.0044357 0.00482379 -0.011354 
0.8752 0.00119443 0.000155539 0.034277 -0.00441772 0.0118432 0.00390856 
0.8771 0.00118358 0.000158951 0.0341213 -0.00439591 -0.00293948 0.0122601 
0.879 0.00117244 0.00016242 0.03396 -0.00437724 -0.0125986 -0.00192204 
0.8809 0.0011619 0.000165945 0.033807 -0.00435685 0.000862416 -0.0128531 
0.8828 0.00115098 0.000169528 0.0336477 -0.00433726 0.0130182 -0.000232561 
0.8847 0.0011407 0.000173169 0.033497 -0.00431844 0.00135544 0.0130894 
0.8866 0.00113002 0.000176869 0.0333399 -0.00429782 -0.0130625 0.00249816 
0.8885 0.00111997 0.000180628 0.0331911 -0.0042806 -0.00365215 -0.012934 
0.8904 0.00110956 0.000184447 0.0330367 -0.00425901 0.0127014 -0.0048083 
0.8923 0.0010997 0.000188326 0.0328892 -0.00424323 0.0059571 0.0123628 
0.8942 0.00108959 0.000192266 0.0327379 -0.00422088 -0.0119171 0.00708867 
0.8961 0.00107988 0.000196268 0.0325913 -0.00420624 -0.00819283 -0.0113642 
0.898 0.00107008 0.000200332 0.0324434 -0.00418351 0.0107051 -0.00925922 
0.8999 0.0010605 0.000204459 0.0322974 -0.00416956 0.0102773 0.00994159 
0.9018 0.00105101 0.000208649 0.032153 -0.00414694 -0.00907666 0.0112367 
0.9037 0.00104156 0.000212904 0.0320074 -0.00413312 -0.0121269 -0.0081143 
0.9056 0.00103238 0.000217223 0.0318666 -0.00411118 0.00705961 -0.0129377 
0.9075 0.00102304 0.000221607 0.0317215 -0.00409692 0.0136593 0.00591875 
0.9094 0.00101417 0.000226057 0.031584 -0.00407622 -0.00469897 0.014282 
0.9113 0.00100494 0.000230573 0.0314396 -0.00406096 -0.0147971 -0.00340857 
0.9132 0.000996342 0.000235157 0.031305 -0.00404198 0.00205688 -0.0151963 
0.9151 0.00098726 0.000239808 0.0311618 -0.00402532 0.0154719 0.000654194 
0.917 0.000978895 0.000244527 0.0310295 -0.00400838 0.000788271 0.0156175 
0.9189 0.000969992 0.000249316 0.030888 -0.0039901 -0.0156274 0.00225846 
0.9208 0.000961813 0.000254173 0.0307573 -0.00397527 -0.00374353 -0.0154971 
0.9227 0.000953127 0.000259101 0.0306183 -0.0039554 0.0152233 -0.00523003 
0.9246 0.000945083 0.0002641 0.0304884 -0.00394252 0.00670391 0.014804 
0.9265 0.000936653 0.00026917 0.0303525 -0.00392137 -0.0142385 0.00815071 
0.9284 0.0009287 0.000274311 0.0302227 -0.00390998 -0.00955567 -0.0135278 
0.9303 0.000920556 0.000279525 0.0300905 -0.00388811 0.012674 -0.0109039 
0.9322 0.000912659 0.000284813 0.0299604 -0.00387753 0.0121805 0.0116811 
0.9341 0.000904819 0.000290174 0.0298321 -0.0038557 -0.0105545 0.0133707 
0.936 0.000896961 0.000295609 0.0297015 -0.00384511 -0.0144602 -0.00930123 
0.9379 0.000889422 0.000301119 0.029577 -0.00382417 0.00792989 -0.0154349 
0.9398 0.000881606 0.000306705 0.029446 -0.0038127 0.0162817 0.00645064 
0.9417 0.000874348 0.000312367 0.029325 -0.00379346 -0.00487514 0.0169882 
0.9436 0.000866594 0.000318106 0.0291942 -0.00378038 -0.0175431 -0.00321652 
0.9455 0.000859578 0.000323922 0.029076 -0.00376348 0.00148925 -0.0179361 
0.9474 0.000851926 0.000329816 0.0289461 -0.00374825 0.0181585 -0.000290932 
0.9493 0.000845096 0.000335789 0.0288297 -0.00373406 0.00210715 0.018203 
0.9512 0.000837599 0.000341841 0.0287017 -0.0037165 -0.0180639 0.00394154 
0.9531 0.000830893 0.000347973 0.0285861 -0.00370498 -0.00577538 -0.0177375 
0.955 0.000823605 0.000354185 0.0284609 -0.00368532 0.0172217 -0.00758934 
0.9569 0.000816961 0.000360478 0.0283452 -0.00367605 0.00936357 0.0165167 
0.9588 0.000809932 0.000366853 0.0282236 -0.0036549 -0.0156247 0.011078 
0.9607 0.0008033 0.000373311 0.0281069 -0.00364706 -0.0127126 -0.01455 
0.9626 0.000796563 0.000379851 0.0279896 -0.00362539 0.0132991 -0.0142473 
0.9645 0.000789913 0.000386475 0.0278716 -0.00361791 0.0156628 0.0118807 
0.9664 0.00078348 0.000393182 0.0277586 -0.00359685 -0.0103058 0.0169403 
0.9683 0.000776807 0.000399975 0.0276393 -0.00358854 -0.0180619 -0.00858741 
0.9702 0.000770661 0.000406853 0.0275304 -0.00356925 0.00674068 -0.0190109 
0.9721 0.000763987 0.000413817 0.0274102 -0.00355902 0.0197723 0.00478271 
0.974 0.000758086 0.000420867 0.0273045 -0.00354248 -0.00273244 0.0203323 
0.9759 0.000751459 0.000428005 0.0271846 -0.00352952 -0.0206793 -0.000610541 
0.9778 0.000745738 0.00043523 0.0270809 -0.00351632 -0.00156085 -0.0208037 
0.9797 0.000739224 0.000442544 0.0269624 -0.00350027 0.0206983 -0.00375828 
0.9816 0.000733607 0.000449946 0.0268593 -0.00349047 0.00595725 0.0203582 
0.9835 0.000727277 0.000457439 0.0267437 -0.00347156 -0.0197814 0.00813244 
0.9854 0.000721688 0.000465021 0.0266399 -0.00346464 -0.010258 -0.0189682 
0.9873 0.000715608 0.000472694 0.0265283 -0.00344367 0.0179223 -0.012308 
0.9892 0.000709983 0.000480459 0.0264227 -0.00343859 0.0142563 0.0166498 
0.9911 0.000704197 0.000488316 0.0263158 -0.00341679 -0.0151601 0.0160775 
0.993 0.0006985 0.000496265 0.026208 -0.00341212 -0.0177469 -0.0134653 
0.9949 0.000693024 0.000504308 0.026106 -0.00339103 0.0115804 -0.0192406 
0.9968 0.000687251 0.000512445 0.025996 -0.00338521 0.0205365 0.00952339 
0.9987 0.000682066 0.000520675 0.0258985 -0.00336634 -0.00731463 0.0216141 
1.0006 0.000676247 0.000529001 0.025787 -0.00335795 -0.022455 -0.00497716 
1.0025 0.000671299 0.000537423 0.0256929 -0.00334255 0.00253624 -0.0230432 
1.0044 0.000665498 0.000545941 0.0255813 -0.00333059 0.0233654 1.919e-05 
1.0063 0.000660707 0.000554555 0.025489 -0.00331933 0.0025449 0.0234111 
1.0082 0.000655007 0.000563267 0.025379 -0.00330346 -0.0231732 0.00512553 
1.0101 0.000650279 0.000572077 0.0252866 -0.00329631 -0.00769105 -0.0226478 
1.012 0.00064477 0.000580986 0.02518 -0.00327697 0.0218348 -0.0102091 
1.0139 0.000640016 0.000589994 0.0250859 -0.00327309 0.0126471 0.0207375 
1.0158 0.000634773 0.000599102 0.024984 -0.00325146 -0.0193631 0.0149724 
1.0177 0.000629924 0.00060831 0.0248871 -0.00324935 -0.017153 -0.0177224 
1.0196 0.000624994 0.000617619 0.0247907 -0.00322716 0.0158302 -0.0191579 
1.0215 0.000620018 0.00062703 0.0246904 -0.00322493 0.0209572 0.0137049 
1.0234 0.000615409 0.000636543 0.0245996 -0.00320417 -0.0113684 0.0225234 
1.0253 0.000610315 0.000646159 0.0244965 -0.00319983 -0.0238308 -0.00884595 
1.0272 0.000605989 0.000655877 0.0244103 -0.00318235 0.00616609 -0.0248567 
1.0291 0.000600833 0.000665701 0.0243055 -0.00317427 0.0255814 0.00336013 
1.031 0.000596712 0.000675628 0.0242223 -0.00316139 -0.000461912 0.0259887 
1.0329 0.000591582 0.000685661 0.0241178 -0.00314863 -0.0260662 0.00249255 
1.0348 0.000587563 0.000695799 0.0240353 -0.00314083 -0.00546554 -0.0258056 
1.0367 0.000582564 0.000706044 0.0239334 -0.00312341 0.0252028 -0.00841808 
1.0386 0.000578536 0.000716395 0.0238495 -0.00312015 0.0113104 0.0242584 
1.0405 0.000573769 0.000726854 0.0237522 -0.00309908 -0.0229776 0.0141026 
1.0424 0.000569638 0.000737421 0.023665 -0.0030989 -0.016755 -0.0213704 
1.0443 0.000565179 0.000748096 0.0235737 -0.00307606 0.0194512 -0.0192288 
1.0462 0.000560885 0.000758881 0.0234823 -0.00307675 0.0214866 0.0172396 
1.0481 0.000556766 0.000769775 0.0233973 -0.00305453 -0.0147593 0.0234934 
1.05 0.000552299 0.00078078 0.0233018 -0.00305363 -0.0252161 -0.0120385 
1.0519 0.000548497 0.000791895 0.0232226 -0.00303445 0.0091095 -0.0266254 
1.0538 0.000543904 0.000803123 0.0231241 -0.0030297 0.0276952 0.0060082 
1.0557 0.000540346 0.000814461 0.0230489 -0.00301549 -0.00277393 0.0284036 
1.0576 0.000535717 0.000825913 0.0229496 -0.00300541 -0.0287334 0.00055115 
1.0595 0.000532291 0.000837477 0.0228759 -0.00299713 -0.00392256 -0.0286721 
1.0614 0.000527746 0.000849156 0.0227784 -0.00298132 0.0282126 -0.00729407 
1.0633 0.000524324 0.000860948 0.0227036 -0.00297873 0.0106183 0.0273533 
1.0652 0.000519985 0.000872856 0.0226105 -0.00295808 -0.026098 0.0138473 
1.0671 0.000516451 0.000884879 0.022532 -0.00295967 -0.0169336 -0.0244568 
1.069 0.000512417 0.000897017 0.0224454 -0.00293624 0.022445 -0.0198302 
1.0709 0.000508688 0.000909273 0.0223617 -0.00293952 0.0224922 0.0200842 
1.0728 0.00050501 0.000921645 0.0222824 -0.00291609 -0.0174011 0.0248766 
1.0747 0.000501064 0.000934135 0.0221934 -0.00291809 -0.0269438 -0.0144281 
1.0766 0.00049773 0.000946742 0.0221209 -0.00289765 0.0112023 -0.0286575 
1.0785 0.000493607 0.00095947 0.0220278 -0.00289555 0.0299861 0.00776562 
1.0804 0.000490543 0.000972315 0.0219601 -0.00288058 -0.00416395 0.0309027 
1.0823 0.000486341 0.000985281 0.0218653 -0.00287238 -0.031386 -0.000446715 
1.0842 0.000483425 0.000998366 0.0217996 -0.00286425 -0.00333382 -0.0314206 
1.0861 0.000479278 0.00101157 0.0217062 -0.0028493 0.0309973 -0.00712326 
1.088 0.000476365 0.0010249 0.0216392 -0.00284789 0.0108658 0.0301137 
1.0899 0.000472415 0.00103835 0.0215505 -0.00282709 -0.0287742 0.014505 
1.0918 0.000469369 0.00105192 0.0214792 -0.00283074 -0.0179849 -0.0269901 
1.0937 0.000465731 0.00106562 0.0213976 -0.00280642 0.0247797 -0.0212505 
1.0956 0.000462457 0.00107944 0.0213201 -0.00281222 0.0242489 0.0221682 
1.0975 0.000459195 0.00109338 0.0212467 -0.0027877 -0.0191873 0.0269301 
1.0994 0.000455663 0.00110745 0.0211629 -0.00279212 -0.0292476 -0.0158753 
1.1013 0.000452766 0.00112164 0.0210971 -0.00277095 0.0122761 -0.0311599 
1.1032 0.000449021 0.00113596 0.0210082 -0.00277064 0.0326303 0.00843928 
1.1051 0.000446407 0.0011504 0.0209478 -0.00275575 -0.00441889 0.0336285 
1.107 0.000442559 0.00116498 0.0208568 -0.00274835 -0.0341307 -0.000273152 
1.1089 0.000440089 0.00117967 0.0207984 -0.00274134 -0.00393657 -0.03412 
1.1108 0.000436291 0.0011945 0.0207089 -0.00272613 0.0335877 -0.00814661 
1.1127 0.000433802 0.00120945 0.0206487 -0.0027268 0.0122919 0.0325325 
1.1146 0.000430215 0.00122454 0.0205645 -0.00270494 -0.0309615 0.0163071 
1.1165 0.000427556 0.00123975 0.0204989 -0.0027112 -0.0201273 -0.0288901 
1.1184 0.000424305 0.00125509 0.0204229 -0.00268555 0.0263418 -0.0236897 
1.1203 0.000421377 0.00127056 0.0203499 -0.0026939 0.0269338 0.0233481 
1.1222 0.000418525 0.00128617 0.0202831 -0.00266843 -0.0199482 0.0298032 
1.1241 0.000415302 0.0013019 0.0202027 -0.00267469 -0.0322463 -0.0161888 
1.126 0.00041283 0.00131777 0.0201442 -0.0026535 0.012123 -0.0342169 
1.1279 0.000409373 0.00133376 0.0200582 -0.00265387 0.0356759 0.00781004 
1.1298 0.000407178 0.00134989 0.0200052 -0.00264023 -0.00331425 0.0365911 
1.1317 0.00040362 0.00136616 0.0199171 -0.00263221 -0.0369389 0.00129572 
1.1336 0.00040154 0.00138255 0.0198654 -0.00262765 -0.00594802 -0.0367039 
1.1355 0.000398058 0.00139909 0.0197798 -0.00261079 0.0358802 -0.0105687 
1.1374 0.000395911 0.00141575 0.019725 -0.00261464 0.0150828 0.0344712 
1.1393 0.000392677 0.00143255 0.019646 -0.00259072 -0.0324898 0.0194157 
1.1412 0.000390305 0.00144949 0.0195843 -0.00260016 -0.0234941 -0.0299586 
1.1431 0.000387448 0.00146656 0.0195148 -0.00257285 0.0269098 -0.0272476 
1.145 0.000384758 0.00148377 0.0194444 -0.00258356 0.0306096 0.0233843 
1.1469 0.000382326 0.00150112 0.0193852 -0.00255759 -0.0194321 0.0335188 
1.1488 0.000379314 0.00151861 0.0193064 -0.00256473 -0.0359202 -0.0151111 
1.1507 0.00037726 0.00153623 0.0192558 -0.00254472 0.0104861 -0.037766 
1.1526 0.000374017 0.00155399 0.0191714 -0.00254421 0.0390167 0.00562863 
1.1545 0.000372208 0.00157189 0.0191256 -0.00253342 -0.000615224 0.0396423 
1.1564 0.000368899 0.00158993 0.0190403 -0.00252301 -0.0396221 0.00447348 
1.1583 0.000367146 0.0016081 0.0189943 -0.00252249 -0.00955404 -0.0389464 
1.1602 0.000363968 0.00162642 0.0189131 -0.00250246 0.037616 -0.0145416 
1.1621 0.000362073 0.00164488 0.0188619 -0.0025106 0.0193513 0.0356428 
1.164 0.000359207 0.00166348 0.0187893 -0.00248378 -0.0330497 0.0238998 
1.1659 0.000357016 0.00168223 0.0187292 -0.00249667 -0.0281063 -0.0298708 
1.1678 0.000354576 0.00170111 0.0186678 -0.00246782 0.0261504 -0.0318946 
1.1697 0.000352019 0.00172014 0.0185975 -0.00248015 0.0351943 0.0219431 
1.1716 0.000350021 0.00173931 0.0185471 -0.00245479 -0.0173126 0.0379418 
1.1735 0.000347135 0.00175862 0.0184683 -0.0024612 -0.0400819 -0.0123313 
1.1754 0.00034549 0.00177808 0.018426 -0.00244416 0.00707866 -0.0415689 
1.1773 0.00034241 0.00179768 0.0183426 -0.00244068 0.0423673 0.00164029 
1.1792 0.000340941 0.00181743 0.0183034 -0.00243476 0.00389342 0.0424531 
1.1811 0.000337867 0.00183732 0.0182212 -0.00241996 -0.0418141 0.00942883 
1.183 0.000336359 0.00185735 0.018179 -0.00242509 -0.0148706 -0.0404502 
1.1849 0.000333507 0.00187754 0.0181037 -0.00240058 0.0383743 -0.0201233 
1.1868 0.000331757 0.00189787 0.0180536 -0.00241371 0.0250933 0.0356117 
1.1887 0.000329297 0.00191834 0.0179893 -0.00238379 -0.0322001 0.02969 
1.1906 0.000327176 0.00193897 0.0179281 -0.0023996 -0.0338279 -0.0281894 
1.1925 0.000325187 0.00195974 0.0178765 -0.00237026 0.0236407 -0.037428 
1.1944 0.000322671 0.00198066 0.0178043 -0.00238251 0.0404196 0.0186257 
1.1963 0.000321114 0.00200172 0.0177636 -0.00235981 -0.0132254 0.0427412 
1.1982 0.000318298 0.00202294 0.0176837 -0.00236303 -0.0443424 -0.00752943 
1.2001 0.000317026 0.00204431 0.0176493 -0.00235146 0.00163368 -0.0451845 
1.202 0.000314098 0.00206582 0.0175673 -0.00234248 0.0452417 -0.00436049 
1.2039 0.000312891 0.00208749 0.0175328 -0.00234362 0.0103483 0.0445017 
1.2058 0.000310085 0.00210931 0.0174554 -0.00232259 -0.0429663 0.0162235 
1.2077 0.00030871 0.00213127 0.0174143 -0.00233454 -0.0218798 -0.0406515 
1.2096 0.00030624 0.00215339 0.0173472 -0.00230499 0.0375876 -0.0272133 
1.2115 0.000304513 0.00217566 0.017295 -0.0023228 0.032124 0.0338188 
1.2134 0.000302514 0.00219808 0.0172414 -0.00229079 -0.0294027 0.036518 
1.2153 0.000300357 0.00222066 0.0171765 -0.0023077 -0.0403091 -0.0244097 
1.2172 0.000298844 0.00224338 0.0171361 -0.00228022 0.0189215 -0.0434207 
1.2191 0.000296306 0.00226626 0.0170606 -0.00228949 0.0457872 0.0130306 
1.221 0.000295167 0.0022893 0.0170295 -0.00227253 -0.00683769 0.0473555 
1.2229 0.000292412 0.00231249 0.0169488 -0.00226937 -0.0480862 -0.000451095 
1.2248 0.000291436 0.00233583 0.0169204 -0.00226614 -0.00601581 -0.0479545 
1.2267 0.000288705 0.00235933 0.0168418 -0.00224917 0.0469512 -0.0124464 
1.2286 0.000287638 0.00238298 0.0168088 -0.0022591 0.0187226 0.0450826 
1.2305 0.000285177 0.00240678 0.0167392 -0.00223086 -0.0423713 0.0247277 
1.2324 0.000283796 0.00243075 0.0166954 -0.00224958 -0.0303477 -0.0388557 
1.2343 0.000281788 0.00245487 0.0166396 -0.00221595 0.0345895 -0.0354744 
1.2362 0.000279962 0.00247914 0.0165819 -0.00223645 0.0400067 0.0296413 
1.2381 0.000278473 0.00250358 0.0165412 -0.0022051 -0.0240935 0.0438529 
1.24 0.000276204 0.00252817 0.0164705 -0.00221962 -0.0469329 -0.0180407 
1.2419 0.000275159 0.00255291 0.0164417 -0.00219781 0.0115884 -0.0491795 
1.2438 0.000272588 0.00257782 0.016363 -0.0022001 0.0505399 0.00485126 
1.2457 0.000271791 0.00260288 0.0163396 -0.0021926 0.00204895 0.0509773 
1.2476 0.000269154 0.00262811 0.0162605 -0.00217978 -0.0504714 0.00898565 
1.2495 0.000268341 0.00265349 0.0162344 -0.00218733 -0.0158296 -0.0490195 
1.2514 0.000265908 0.00267903 0.0161629 -0.00216087 0.0466365 -0.0224513 
1.2533 0.000264822 0.00270473 0.0161267 -0.00217984 0.0287237 0.0433553 
1.2552 0.000262815 0.00273059 0.016069 -0.00214531 -0.0392259 0.0345241 
1.2571 0.000261283 0.00275661 0.0160181 -0.00216858 -0.0397373 -0.0343155 
1.259 0.000259813 0.00278279 0.0159768 -0.00213412 0.0287069 -0.0442572 
1.2609 0.000257795 0.00280913 0.015911 -0.00215312 0.0479896 0.0224974 
1.2628 0.000256823 0.00283563 0.0158839 -0.00212712 -0.0157972 0.0508535 
1.2647 0.000254431 0.0028623 0.0158075 -0.00213426 -0.0527838 -0.00872758 
1.2666 0.000253778 0.00288912 0.0157883 -0.00212289 0.00141851 -0.0537318 
1.2685 0.000251245 0.00291611 0.0157091 -0.00211393 0.0536674 -0.00599349 
1.2704 0.000250641 0.00294326 0.0156892 -0.00211917 0.0133679 0.0525791 
1.2723 0.000248251 0.00297058 0.0156162 -0.00209455 -0.0504751 0.0205631 
1.2742 0.000247415 0.00299805 0.0155868 -0.0021135 -0.0274386 -0.0473833 
1.2761 0.000245424 0.00302569 0.0155275 -0.00207842 0.043351 -0.0338583 
1.278 0.000244145 0.0030535 0.0154828 -0.00210395 0.0396928 0.0384445 
1.2799 0.0002427 0.00308147 0.0154411 -0.00206694 -0.0327478 0.0448224 
1.2818 0.000240903 0.0031096 0.0153797 -0.00208975 -0.0491393 -0.0263616 
1.2837 0.000239998 0.00313789 0.0153543 -0.0020602 0.0194012 -0.0525498 
1.2856 0.000237771 0.00316636 0.0152801 -0.00207153 0.054977 0.0119951 
1.2875 0.000237241 0.00319498 0.0152647 -0.00205685 -0.00428198 0.0563618 
1.2894 0.000234811 0.00322378 0.0151856 -0.00205122 -0.0566646 0.00359153 
1.2913 0.000234383 0.00325273 0.0151711 -0.00205453 -0.0114735 -0.0558667 
1.2932 0.000232048 0.00328186 0.015097 -0.00203147 0.0539708 -0.0192098 
1.2951 0.000231419 0.00331115 0.0150737 -0.00205049 0.0266471 0.0510008 
1.297 0.00022946 0.00334061 0.0150133 -0.00201489 -0.0470026 0.0336357 
1.2989 0.000228392 0.00337023 0.014974 -0.00204245 -0.040033 -0.0420427 
1.3008 0.000226986 0.00340002 0.0149323 -0.00200324 0.0362077 -0.0457058 
1.3027 0.000225375 0.00342998 0.0148747 -0.00202933 0.0505337 0.0296027 
1.3046 0.00022454 0.0034601 0.014851 -0.00199682 -0.0223493 0.0544115 
1.3065 0.000222456 0.0034904 0.0147787 -0.00201163 -0.0572513 -0.0145838 
1.3084 0.00022204 0.00352086 0.0147669 -0.00199435 0.0064545 -0.0589847 
1.3103 0.000219705 0.00355149 0.0146881 -0.00199131 0.0595647 -0.00188109 
1.3122 0.000219429 0.00358229 0.0146784 -0.00199333 0.0102592 0.0589664 
1.3141 0.000217154 0.00361326 0.0146037 -0.00197126 -0.0571885 0.0185133 
1.316 0.000216699 0.00364439 0.0145855 -0.00199072 -0.0264766 -0.0542529 
1.3179 0.000214786 0.0036757 0.0145247 -0.00195437 0.0502056 -0.0339867 
1.3198 0.000213889 0.00370718 0.0144898 -0.00198395 0.0408876 0.0451152 
1.3217 0.000212539 0.00373882 0.0144487 -0.00194271 -0.0390722 0.0470339 
1.3236 0.000211077 0.00377064 0.0143941 -0.00197168 -0.0522933 -0.0321878 
1.3255 0.000210323 0.00380263 0.0143726 -0.00193676 0.0245913 -0.0565499 
1.3274 0.000208354 0.00383479 0.0143016 -0.00195432 0.0597068 0.0164283 
1.3293 0.000208049 0.00386711 0.0142935 -0.00193523 -0.00785763 0.0616877 
1.3312 0.000205798 0.00389961 0.0142147 -0.00193392 -0.0624396 0.000951366 
1.3331 0.000205656 0.00393228 0.0142095 -0.00193545 -0.00982252 -0.0619338 
1.335 0.000203445 0.00396513 0.0141345 -0.00191359 0.0601669 -0.0185762 
1.3369 0.000203132 0.00399814 0.0141206 -0.00193411 0.0270327 0.0571609 
1.3388 0.00020128 0.00403132 0.01406 -0.00189656 -0.052964 0.0350163 
1.3407 0.000200516 0.00406468 0.0140285 -0.00192833 -0.0423588 -0.0476488 
1.3426 0.00019924 0.00409821 0.0139888 -0.00188511 0.0413122 -0.0489031 
1.3445 0.000197889 0.00413192 0.0139361 -0.00191662 0.0545063 0.0340731 
1.3464 0.00019723 0.00416579 0.0139175 -0.00187982 -0.0260705 0.0590434 
1.3483 0.000195348 0.00419984 0.013847 -0.00189936 -0.0624096 -0.0174608 
1.3502 0.000195157 0.00423406 0.0138429 -0.00187935 0.00841498 -0.0645232 
1.3521 0.000192974 0.00426846 0.0137639 -0.00187876 0.0653274 -0.000885033 
1.354 0.000192955 0.00430302 0.0137629 -0.00188078 0.0102497 0.0647917 
1.3559 0.000190808 0.00433777 0.0136878 -0.00185821 -0.0629132 0.019486 
1.3578 0.00019061 0.00437268 0.0136775 -0.00188052 -0.0284009 -0.0597166 
1.3597 0.000188835 0.00440778 0.0136178 -0.00184121 0.0552546 -0.0368063 
1.3616 0.000188165 0.00444304 0.0135885 -0.00187545 0.0445219 0.0496069 
1.3635 0.000186985 0.00447848 0.0135512 -0.00183023 -0.0428787 0.0513799 
1.3654 0.000185705 0.0045141 0.0134993 -0.00186396 -0.0572286 -0.0351992 
1.3673 0.000185161 0.00454988 0.0134843 -0.00182587 0.026719 -0.0619353 
1.3692 0.000183333 0.00458585 0.0134136 -0.00184652 0.0653898 0.0176074 
1.3711 0.000183263 0.00462199 0.0134137 -0.00182661 -0.00804866 0.0675071 
1.373 0.000181134 0.00465831 0.0133342 -0.00182559 -0.0682291 0.00176114 
1.3749 0.000181225 0.0046948 0.0133371 -0.00182923 -0.0116184 -0.0675263 
1.3768 0.000179147 0.00473147 0.0132623 -0.00180488 0.0653994 -0.0213163 
1.3787 0.000179035 0.00476831 0.0132547 -0.00182984 0.0306486 0.0618786 
1.3806 0.000177353 0.00480533 0.0131968 -0.00178814 -0.0570244 0.039415 
1.3825 0.00017674 0.00484252 0.0131685 -0.00182513 -0.0474244 -0.050926 
1.3844 0.000175679 0.00487989 0.0131346 -0.00177795 0.0436999 -0.0544997 
1.3863 0.000174433 0.00491745 0.0130822 -0.00181348 0.0604816 0.0354883 
1.3882 0.00017402 0.00495517 0.0130717 -0.0017748 -0.0264556 0.0652324 
1.3901 0.00017222 0.00499308 0.0129998 -0.00179557 -0.068639 -0.0167859 
1.392 0.000172275 0.00503115 0.0130045 -0.0017769 0.00667848 -0.0706155 
1.3939 0.000170187 0.00506941 0.0129244 -0.00177419 0.0711059 -0.00365529 
1.3958 0.000170376 0.00510784 0.0129308 -0.00178066 0.013997 0.0700851 
1.3977 0.000168373 0.00514646 0.0128569 -0.00175341 -0.0675603 0.0241259 
1.3996 0.000168318 0.00518524 0.0128508 -0.00178189 -0.0338227 -0.063571 
1.4015 0.000166751 0.00522421 0.0127958 -0.00173721 0.0581883 -0.0428758 
1.4034 0.000166155 0.00526336 0.012767 -0.00177714 0.0510842 0.0515147 
1.4053 0.000165239 0.00530268 0.0127378 -0.00172818 -0.0436809 0.0582637 
1.4072 0.000163988 0.00534219 0.0126836 -0.00176493 -0.0642498 -0.0348446 
1.4091 0.000163726 0.00538186 0.0126785 -0.00172656 0.0251866 -0.0689021 
1.411 0.000161927 0.00542173 0.0126047 -0.00174625 0.0721075 0.0149077 
1.4129 0.00016211 0.00546176 0.0126141 -0.00173016 -0.00422393 0.0737829 
1.4148 0.000160058 0.00550198 0.0125333 -0.00172435 -0.0738778 0.00663715 
1.4167 0.000160327 0.00554237 0.0125426 -0.00173497 -0.0174419 -0.0723751 
1.4186 0.000158411 0.00558295 0.0124703 -0.00170368 0.0692925 -0.0279553 
1.4205 0.00015838 0.0056237 0.0124645 -0.00173648 0.0379463 0.0646821 
1.4224 0.000156952 0.00566463 0.0124137 -0.00168838 -0.0586301 0.0471926 
1.4243 0.000156334 0.00570574 0.0123829 -0.00173124 -0.0554858 -0.0512549 
1.4262 0.000155587 0.00574703 0.0123597 -0.00168091 0.0427051 -0.0626363 
1.4281 0.000154297 0.00578851 0.0123023 -0.00171802 0.0684773 0.0331566 
1.43 0.000154202 0.00583015 0.0123035 -0.00168115 -0.022809 0.0728691 
1.4319 0.000152384 0.00587199 0.012227 -0.00169832 -0.0757021 -0.0118817 
1.4338 0.000152692 0.00591399 0.0122412 -0.00168633 0.00060878 -0.0769001 
1.4357 0.000150676 0.00595619 0.0121601 -0.00167591 0.0764218 -0.0107653 
1.4376 0.000151003 0.00599855 0.0121713 -0.00169198 0.0219915 0.0742625 
1.4395 0.000149193 0.00604111 0.0121017 -0.00165561 -0.0704547 0.0328215 
1.4414 0.000149149 0.00608384 0.0120947 -0.00169335 -0.0430128 -0.0650671 
1.4433 0.000147887 0.00612675 0.0120496 -0.00164166 0.0582046 -0.0523352 
1.4452 0.000147208 0.00616984 0.012015 -0.0016871 0.0605746 0.0500056 
1.4471 0.000146656 0.00621311 0.0119991 -0.00163621 -0.0406394 0.0675393 
1.449 0.000145296 0.00625657 0.0119373 -0.00167245 -0.0730636 -0.0303031 
1.4509 0.000145378 0.00630019 0.0119454 -0.00163857 0.0192171 -0.0770123 
1.4528 0.000143529 0.00634402 0.011866 -0.00165153 0.0792839 0.00762112 
1.4547 0.000143952 0.006388 0.0118846 -0.00164533 0.00423175 0.0798129 
1.4566 0.000141981 0.00643219 0.0118037 -0.00162874 -0.0785724 0.01608 
1.4585 0.000142336 0.00647654 0.0118156 -0.0016515 -0.0276595 -0.0755744 
1.4604 0.000140658 0.00652108 0.0117503 -0.00160922 0.0708705 -0.0387098 
1.4623 0.00014056 0.0065658 0.0117401 -0.00165221 0.0489794 0.0645509 
1.4642 0.000139497 0.0066107 0.0117024 -0.00159714 -0.0567428 0.0582318 
1.4661 0.000138716 0.00665578 0.0116624 -0.00164438 -0.0662513 -0.0476083 
1.468 0.000138381 0.00670104 0.011655 -0.00159417 0.0373405 -0.0728473 
1.4699 0.000136928 0.00674649 0.0115878 -0.00162791 0.0778597 0.0261601 
1.4718 0.000137188 0.00679211 0.0116031 -0.00159885 -0.0143105 0.0811623 
1.4737 0.000135309 0.00683792 0.0115209 -0.00160571 -0.0826663 -0.00205242 
1.4756 0.000135825 0.00688391 0.0115431 -0.00160704 -0.0103416 -0.0823223 
1.4775 0.000133921 0.00693008 0.0114637 -0.00158281 0.0801226 -0.0225933 
1.4794 0.000134265 0.00697643 0.0114744 -0.00161326 0.0344249 0.076101 
1.4813 0.000132753 0.00702297 0.0114151 -0.00156461 -0.070333 0.0455658 
1.4832 0.000132555 0.00706968 0.0113998 -0.00161266 -0.0557578 -0.0629345 
1.4851 0.000131723 0.00711658 0.0113712 -0.00155499 0.0540592 -0.0647625 
1.487 0.000130805 0.00716366 0.0113241 -0.00160269 0.0723657 0.0438961 
1.4889 0.000130705 0.00721092 0.0113264 -0.00155492 -0.032665 0.0783831 
1.4908 0.000129143 0.00725837 0.0112532 -0.0015841 -0.082665 -0.0206124 
1.4927 0.000129575 0.00730599 0.0112754 -0.001562 0.00800552 -0.0850993 
1.4946 0.000127676 0.0073538 0.0111911 -0.00156071 0.0856157 -0.00487315 
1.4965 0.000128253 0.00740178 0.0112153 -0.00157127 0.0177322 0.0841864 
1.4984 0.000126449 0.00744996 0.0111393 -0.00153817 -0.0808282 0.0302781 
1.5003 0.000126733 0.00749831 0.0111466 -0.0015769 -0.0422216 -0.0756019 
1.5022 0.000125429 0.00754685 0.0110956 -0.00152197 0.0686119 -0.0532847 
1.5041 0.000125084 0.00759557 0.0110728 -0.00157427 0.0632068 0.0600039 
1.506 0.000124513 0.00764447 0.0110552 -0.00151545 -0.049962 0.0717514 
1.5079 0.000123429 0.00769356 0.0109996 -0.00156162 -0.0787113 -0.0387052 
1.5098 0.00012357 0.00774281 0.011012 -0.0015186 0.026482 -0.0839137 
1.5117 0.0001219 0.00779227 0.0109328 -0.00154076 0.0872252 0.013566 
1.5136 0.00012248 0.00784189 0.0109611 -0.00152794 -0.000248672 0.0885541 
1.5155 0.00012059 0.00789171 0.0108761 -0.00151651 -0.0878542 0.0131662 
1.5174 0.000121181 0.0079417 0.0109003 -0.00153773 -0.0263699 -0.0851253 
1.5193 0.000119522 0.00799188 0.0108299 -0.00149503 0.0804146 -0.0390561 
1.5212 0.000119691 0.00804224 0.0108311 -0.00154196 0.0509272 0.073815 
1.5231 0.000118638 0.00809278 0.0107909 -0.00148161 -0.0654644 0.0617024 
1.525 0.000118103 0.0081435 0.0107583 -0.00153654 -0.0711233 -0.0555426 
1.5269 0.000117818 0.00819441 0.0107532 -0.00147878 0.0442671 -0.0789609 
1.5288 0.000116551 0.0082455 0.0106882 -0.00152077 0.085021 0.0318892 
1.5307 0.000116926 0.00829676 0.0107107 -0.00148529 -0.0186877 0.0891489 
1.5326 0.000115163 0.00834823 0.0106263 -0.00149774 -0.0912337 -0.00496343 
1.5345 0.000115852 0.00839985 0.0106589 -0.0014965 -0.00896835 -0.0912109 
1.5364 0.000114014 0.00845168 0.0105756 -0.00147323 0.0890648 -0.0227846 
1.5383 0.00011456 0.00850367 0.0105968 -0.001506 0.036162 0.0848291 
1.5402 0.0001131 0.00855586 0.010535 -0.00145369 -0.0785868 0.048785 
1.5421 0.000113097 0.00860822 0.0105272 -0.00150789 -0.0603527 -0.0704683 
1.544 0.000112337 0.00866077 0.0105001 -0.00144391 0.0606492 -0.0705865 
1.5459 0.000111575 0.0087135 0.010456 -0.00149894 0.0792365 0.0493466 
1.5478 0.000111589 0.00876641 0.0104642 -0.00144524 -0.0368141 0.0860879 
1.5497 0.000110137 0.00881951 0.0103898 -0.00147984 -0.0909666 -0.0233365 
1.5516 0.000110721 0.00887278 0.0104213 -0.00145499 0.00922322 -0.0937428 
1.5535 0.000108901 0.00892625 0.0103336 -0.00145504 0.0943357 -0.00519872 
1.5554 0.000109643 0.00897988 0.0103677 -0.00146737 0.0195923 0.0927147 
1.5573 0.000107916 0.00903371 0.0102892 -0.00143114 -0.0889018 0.0336183 
1.5592 0.000108349 0.00908771 0.010304 -0.00147552 -0.0469431 -0.0829702 
1.5611 0.000107147 0.0091419 0.0102541 -0.0014146 0.0750443 -0.0592474 
1.563 0.000106913 0.00919627 0.0102343 -0.00147405 0.0702326 0.0652966 
1.5649 0.000106483 0.00925082 0.0102224 -0.00140927 -0.0539439 0.0796296 
1.5668 0.00010547 0.00930556 0.0101654 -0.00146099 -0.087204 -0.0412434 
1.5687 0.000105779 0.00936046 0.0101871 -0.00141499 0.0274856 -0.0927632 
1.5706 0.000104162 0.00941557 0.0101041 -0.00143865 0.0961605 0.0129893 
1.5725 0.000104908 0.00947084 0.0101425 -0.00142751 0.00190699 0.0972996 
1.5744 0.000103088 0.00952632 0.0100544 -0.00141283 -0.0961369 0.0168524 
1.5763 0.000103809 0.00958195 0.0100864 -0.00144002 -0.0314919 -0.0926834 
1.5782 0.000102265 0.00963778 0.0100165 -0.00139072 0.0870047 -0.0454749 
1.5801 0.000102509 0.00969378 0.0100209 -0.0014456 0.0584636 0.0792199 
1.582 0.000101624 0.00974997 0.00998618 -0.00137831 -0.0694995 0.0701412 
1.5839 0.000101113 0.00980635 0.00995186 -0.00143979 -0.0802197 -0.0580616 
1.5858 0.000101031 0.00986289 0.00995651 -0.00137809 0.0451669 -0.0884468 
1.5877 9.97669e-05 0.00991964 0.00988655 -0.0014223 0.0946128 0.0311135 
1.5896 0.000100341 0.00997654 0.00992037 -0.00138807 -0.0162292 0.0985553 
1.5915 9.86056e-05 0.0100336 0.00983125 -0.00139722 -0.100164 -0.000864649 
1.5934 9.94436e-05 0.0100909 0.00987303 -0.00140247 -0.0146154 -0.0993846 
1.5953 9.76994e-05 0.0101484 0.00978868 -0.00137154 0.0962182 -0.0298403 
1.5972 9.83131e-05 0.010206 0.00981399 -0.00141375 0.0444427 0.0907241 
1.5991 9.70291e-05 0.0102638 0.00975702 -0.00135261 -0.0830181 0.0580675 
1.601 9.70124e-05 0.0103218 0.00974726 -0.00141541 -0.0703799 -0.0732702 
1.6029 9.64919e-05 0.01038 0.00973045 -0.00134541 0.0617006 -0.0810745 
1.6048 9.56734e-05 0.0104384 0.00967992 -0.00140449 0.0898822 0.0485756 
1.6067 9.59389e-05 0.0104969 0.00970127 -0.00135062 -0.0342006 0.0965777 
1.6086 9.44472e-05 0.0105557 0.00961953 -0.0013827 -0.100985 -0.0189143 
1.6105 9.52303e-05 0.0106146 0.00966276 -0.00136429 0.00307933 -0.102981 
1.6124 9.34483e-05 0.0106737 0.00957131 -0.00135586 0.102502 -0.0129251 
1.6143 9.42876e-05 0.0107329 0.00961173 -0.00137922 0.0287128 0.0995415 
1.6162 9.2711e-05 0.0107924 0.0095361 -0.00133183 -0.094155 0.0439003 
1.6181 9.31235e-05 0.010852 0.00954976 -0.00138766 -0.0581149 -0.0864562 
1.62 9.21758e-05 0.0109118 0.00950998 -0.00131756 0.0766162 -0.0710056 
1.6219 9.18382e-05 0.0109718 0.00948273 -0.00138416 0.0822502 0.0648593 
1.6238 9.17108e-05 0.011032 0.00948567 -0.00131642 -0.0514582 0.0915644 
1.6257 9.05818e-05 0.0110924 0.00941866 -0.00136773 -0.0987088 -0.0367279 
1.6276 9.11611e-05 0.0111529 0.00945518 -0.00132691 0.0210176 -0.103495 
1.6295 8.94989e-05 0.0112136 0.00936468 -0.00134227 0.10579 0.00470367 
1.6314 9.04063e-05 0.0112745 0.00941289 -0.00134311 0.0118203 0.105521 
1.6333 8.86733e-05 0.0113356 0.00932436 -0.00131517 -0.102679 0.0281526 
1.6352 8.94066e-05 0.0113968 0.00935765 -0.00135683 -0.043893 -0.097315 
1.6371 8.80962e-05 0.0114583 0.00929625 -0.00129458 0.0895436 -0.0586532 
1.639 8.82184e-05 0.0115199 0.00929337 -0.00136074 0.0720653 0.079539 
1.6409 8.76685e-05 0.0115817 0.00927436 -0.00128634 -0.0675311 0.0837926 
1.6428 8.69734e-05 0.0116436 0.00922756 -0.00135111 -0.0935364 -0.0538013 
1.6447 8.72376e-05 0.0117058 0.00925036 -0.00129168 0.0386744 -0.101045 
1.6466 8.58296e-05 0.0117681 0.00916856 -0.00132934 0.106119 0.0225128 
1.6485 8.66548e-05 0.0118306 0.00921669 -0.00130667 -0.00570637 0.108619 
1.6504 8.49113e-05 0.0118933 0.00912236 -0.00130149 -0.108466 0.0113361 
1.6523 8.58321e-05 0.0119562 0.00916951 -0.00132368 -0.0281968 -0.105646 
1.6542 8.42615e-05 0.0120192 0.00909028 -0.00127607 0.100212 -0.0444599 
1.6561 8.47756e-05 0.0120824 0.00911019 -0.00133417 0.0597207 0.0922815 
1.658 8.38245e-05 0.0121458 0.00906835 -0.0012608 -0.0820327 0.0735967 
1.6599 8.35843e-05 0.0122094 0.00904489 -0.00133199 -0.0857366 -0.0697041 
1.6618 8.34671e-05 0.0122732 0.00904878 -0.00125963 0.0555865 -0.0958297 
1.6637 8.24127e-05 0.0123371 0.00898228 -0.00131578 0.103613 0.0400176 
1.6656 8.30281e-05 0.0124012 0.00902287 -0.00127119 -0.0233728 0.10888 
1.6675 8.14122e-05 0.0124656 0.00893024 -0.00128955 -0.111485 -0.00605732 
1.6694 8.238e-05 0.01253 0.00898432 -0.00128919 -0.0115044 -0.111345 
1.6713 8.0673e-05 0.0125947 0.00889282 -0.00126124 0.108447 -0.0288786 
1.6732 8.14784e-05 0.0126595 0.00893173 -0.0013048 0.0456333 0.102845 
1.6751 8.01892e-05 0.0127245 0.00886861 -0.00123975 -0.0946617 0.0613488 
1.677 8.03789e-05 0.0127897 0.00886921 -0.00130997 -0.075628 -0.0840839 
1.6789 7.98601e-05 0.0128551 0.00885119 -0.00123145 0.0713593 -0.0881073 
1.6808 7.92171e-05 0.0129206 0.00880486 -0.00130058 0.0984649 0.0567914 
1.6827 7.95281e-05 0.0129863 0.00883153 -0.00123778 -0.0407311 0.10643 
1.6846 7.81564e-05 0.0130522 0.00874774 -0.0012781 -0.111789 -0.0235693 
1.6865 7.90394e-05 0.0131183 0.00880145 -0.0012545 0.00572701 -0.114392 
1.6884 7.73256e-05 0.0131845 0.00870433 -0.0012491 0.114157 -0.0123549 
1.6903 7.83027e-05 0.0132509 0.00875679 -0.00127332 0.0302263 0.111073 
1.6922 7.67685e-05 0.0133176 0.00867602 -0.00122278 -0.1052 0.0474397 
1.6941 7.73255e-05 0.0133843 0.00869909 -0.00128503 -0.0635604 -0.0966665 
1.696 7.64268e-05 0.0134513 0.00865845 -0.00120747 0.0856702 -0.0781787 
1.6979 7.62113e-05 0.0135184 0.00863511 -0.00128304 0.0909192 0.0724716 
1.6998 7.61615e-05 0.0135857 0.00864314 -0.00120732 -0.0573877 0.101451 
1.7017 7.51202e-05 0.0136532 0.00857423 -0.00126604 -0.109498 -0.0407856 
1.7036 7.58065e-05 0.0137209 0.0086207 -0.00122068 0.0230725 -0.114841 
1.7055 7.42074e-05 0.0137887 0.00852487 -0.00123853 0.117332 0.00468646 
1.7074 7.52326e-05 0.0138567 0.00858449 -0.0012406 0.0139146 0.116889 
1.7093 7.35628e-05 0.0139249 0.00849121 -0.00120921 -0.113507 0.0322643 
1.7112 7.43981e-05 0.0139933 0.00853327 -0.00125749 -0.0498992 -0.107254 
1.7131 7.31752e-05 0.0140618 0.00847141 -0.00118762 0.0982682 -0.0663715 
1.715 7.33654e-05 0.0141305 0.00847176 -0.00126283 0.0812587 0.0867614 
1.7169 7.29366e-05 0.0141994 0.00845832 -0.00118041 -0.0730082 0.0941764 
1.7188 7.22774e-05 0.0142685 0.00840884 -0.00125249 -0.104787 -0.0573425 
1.7207 7.2683e-05 0.0143377 0.00844216 -0.00118872 0.0401484 -0.112809 
1.7226 7.13021e-05 0.0144071 0.00835422 -0.00122847 0.118024 0.0218513 
1.7245 7.22587e-05 0.0144767 0.0084143 -0.00120761 -0.00290737 0.120284 
1.7264 7.05672e-05 0.0145465 0.00831454 -0.00119816 -0.119515 0.016208 
1.7283 7.15766e-05 0.0146164 0.00837071 -0.00122795 -0.0350117 -0.115718 
1.7302 7.01099e-05 0.0146865 0.0082908 -0.00117155 0.108971 -0.0530259 
1.7321 7.0653e-05 0.0147568 0.00831358 -0.00123991 0.069789 0.0994297 
1.734 6.98616e-05 0.0148272 0.00827782 -0.00115731 -0.0873186 0.0848687 
1.7359 6.96016e-05 0.0148979 0.00825056 -0.00123685 -0.0978723 -0.0729306 
1.7378 6.96742e-05 0.0149687 0.0082662 -0.00115937 0.0566178 -0.108458 
1.7397 6.85896e-05 0.0150396 0.00819184 -0.00121797 0.116342 0.0387841 
1.7416 6.93779e-05 0.0151108 0.008246 -0.00117529 -0.019874 0.121309 
1.7435 6.77722e-05 0.0151821 0.00814611 -0.0011887 -0.123215 -0.000362797 
1.7454 6.88474e-05 0.0152536 0.00821062 -0.00119715 -0.019256 -0.121995 
1.7473 6.72313e-05 0.0153253 0.00811719 -0.00115869 0.117662 -0.0384832 
1.7492 6.80521e-05 0.0153971 0.00815947 -0.00121457 0.0568261 0.110308 
1.7511 6.69431e-05 0.0154691 0.00810235 -0.00113801 -0.100105 0.0738119 
1.753 6.70679e-05 0.0155413 0.0080983 -0.00121881 -0.0889988 -0.0872956 
1.7549 6.67865e-05 0.0156136 0.00809336 -0.00113316 0.0721935 -0.101989 
1.7568 6.60483e-05 0.0156862 0.008037 -0.00120624 0.112438 0.0551719 
1.7587 6.65907e-05 0.0157589 0.00807966 -0.00114449 -0.036655 0.120064 
1.7606 6.51641e-05 0.0158318 0.00798573 -0.0011799 -0.124656 -0.0171088 
1.7625 6.62022e-05 0.0159048 0.00805251 -0.00116591 -0.00297199 -0.126079 
1.7644 6.45355e-05 0.015978 0.0079509 -0.00114832 0.12428 -0.0230756 
1.7663 6.55456e-05 0.0160514 0.0080085 -0.00118726 0.0426864 0.119286 
1.7682 6.41847e-05 0.0161249 0.00793255 -0.00112224 -0.111209 0.0612988 
1.7701 6.46541e-05 0.0161987 0.00795099 -0.00119829 -0.0784288 -0.100238 
1.772 6.40264e-05 0.0162726 0.00792423 -0.00111038 0.0866387 -0.0936285 
1.7739 6.36565e-05 0.0163466 0.00788884 -0.00119275 0.106496 0.0707473 
1.7758 6.39009e-05 0.0164209 0.00791553 -0.00111588 -0.0529595 0.116688 
1.7777 6.27268e-05 0.0164953 0.00783299 -0.00117093 -0.123928 -0.033723 
1.7796 6.36372e-05 0.0165698 0.00789613 -0.00113502 0.0135253 -0.128011 
1.7815 6.20149e-05 0.0166446 0.00779206 -0.00113963 0.128817 -0.00711831 
1.7834 6.31212e-05 0.0167195 0.00785996 -0.00115859 0.0276777 0.126307 
1.7853 6.15873e-05 0.0167946 0.00776892 -0.00110956 -0.120527 0.0476222 
1.7872 6.23413e-05 0.0168698 0.00780766 -0.00117548 -0.066433 -0.111609 
1.7891 6.13993e-05 0.0169453 0.00775944 -0.00109105 0.0997658 -0.0836185 
1.791 6.13932e-05 0.0170209 0.00774645 -0.00117716 0.0987253 0.0852887 
1.7929 6.13131e-05 0.0170966 0.00775404 -0.00108997 -0.0685377 0.111352 
1.7948 6.04427e-05 0.0171726 0.0076873 -0.00116109 -0.121157 -0.0499343 
1.7967 6.1152e-05 0.0172486 0.00774148 -0.00110524 0.0299501 -0.127873 
1.7986 5.96591e-05 0.0173249 0.00764055 -0.00113185 0.131309 0.00909582 
1.8005 6.07709e-05 0.0174013 0.00771335 -0.00112923 0.0120925 0.131359 
1.8024 5.91481e-05 0.0174779 0.0076118 -0.00109937 -0.128002 0.033067 
1.8043 6.01144e-05 0.0175547 0.00766748 -0.00115071 -0.0532818 -0.121308 
1.8062 5.89085e-05 0.0176316 0.00759953 -0.00107502 0.111434 -0.0722083 
1.8081 5.92397e-05 0.0177087 0.00760892 -0.00115935 0.0893473 0.0986195 
1.81 5.88326e-05 0.017786 0.00759566 -0.00106704 -0.0831816 0.104244 
1.8119 5.82939e-05 0.0178635 0.00754796 -0.00114987 -0.116499 -0.0655088 
1.8138 5.87488e-05 0.017941 0.00758871 -0.00107717 0.0460492 -0.12578 
1.8157 5.74553e-05 0.0180188 0.00749609 -0.00112425 0.131828 0.0253007 
1.8176 5.84902e-05 0.0180967 0.00756839 -0.00109987 -0.00379723 0.134471 
1.8195 5.68618e-05 0.0181749 0.00746133 -0.00109104 -0.13362 0.0179044 
1.8214 5.79619e-05 0.0182531 0.00752978 -0.00112447 -0.0392387 -0.12928 
1.8233 5.65551e-05 0.0183316 0.00744495 -0.00106196 0.121547 -0.0596471 
1.8252 5.71796e-05 0.0184101 0.00747538 -0.0011394 0.0785913 0.110605 
1.8271 5.64635e-05 0.0184889 0.00744089 -0.00104721 -0.0967237 0.0955691 
1.829 5.62633e-05 0.0185678 0.00741422 -0.0011369 -0.110126 -0.0802505 
1.8309 5.64306e-05 0.0186469 0.00743811 -0.00105129 0.0616033 -0.121869 
1.8328 5.53896e-05 0.0187262 0.00735824 -0.00111619 0.130475 0.0412596 
1.8347 5.62777e-05 0.0188056 0.00742498 -0.00107115 -0.0197434 0.135705 
1.8366 5.47205e-05 0.0188852 0.00731749 -0.0010839 -0.137403 0.00238719 
1.8385 5.5876e-05 0.0189649 0.00739405 -0.00109727 -0.0245549 -0.135506 
1.8404 5.43377e-05 0.0190449 0.00729604 -0.00105143 0.130048 -0.0461784 
1.8423 5.51993e-05 0.0191249 0.0073451 -0.00111752 0.0666869 0.121152 
1.8442 5.42091e-05 0.0192052 0.00729022 -0.00103041 -0.109035 0.0855365 
1.8461 5.43347e-05 0.0192856 0.00728531 -0.00112201 -0.102223 -0.0940002 
1.848 5.42014e-05 0.0193662 0.00729004 -0.00102793 0.0764272 -0.116297 
1.8499 5.34475e-05 0.0194469 0.00722645 -0.00110718 0.127375 0.0567663 
1.8518 5.41338e-05 0.0195278 0.00728318 -0.00104362 -0.0355244 0.135151 
1.8537 5.27147e-05 0.0196089 0.00718012 -0.00107732 -0.139403 -0.0132532 
1.8556 5.38515e-05 0.0196901 0.00725998 -0.0010697 -0.00946547 -0.140002 
1.8575 5.22529e-05 0.0197715 0.00715299 -0.00104292 0.136913 -0.0320348 
1.8594 5.32883e-05 0.019853 0.00721743 -0.00109406 0.0538586 0.130201 
1.8613 5.20707e-05 0.0199347 0.00714405 -0.00101644 -0.120024 0.0743573 
1.8632 5.2494e-05 0.0200166 0.00716049 -0.00110518 -0.0929827 -0.106634 
1.8651 5.20644e-05 0.0200986 0.00714492 -0.00100725 0.090369 -0.109234 
1.867 5.16147e-05 0.0201808 0.00710012 -0.00109684 0.122669 0.0716454 
1.8689 5.20606e-05 0.0202631 0.00714316 -0.00101774 -0.0509459 0.13292 
1.8708 5.08334e-05 0.0203457 0.0070489 -0.00107074 -0.139699 -0.0288091 
1.8727 5.18859e-05 0.0204283 0.00712738 -0.00104229 0.00581384 -0.142809 
1.8746 5.02952e-05 0.0205112 0.00701585 -0.00103589 0.142152 -0.0174347 
1.8765 5.14384e-05 0.0205941 0.00709188 -0.00106942 0.0403215 0.137725 
1.8784 5.0048e-05 0.0206773 0.00700271 -0.001005 -0.129629 0.0622381 
1.8803 5.07291e-05 0.0207606 0.00703907 -0.00108652 -0.0825979 -0.11806 
1.8822 5.00225e-05 0.0208441 0.00700313 -0.000989283 0.103309 -0.100853 
1.8841 4.98781e-05 0.0209277 0.00697861 -0.00108495 0.116509 0.0857516 
1.886 5.00602e-05 0.0210115 0.00700518 -0.000993858 -0.0658417 0.129137 
1.8879 4.90654e-05 0.0210955 0.00692344 -0.00106369 -0.138387 -0.0440975 
1.8898 4.99783e-05 0.0211796 0.00699621 -0.00101554 0.0210883 -0.143996 
1.8917 4.84576e-05 0.0212638 0.00688455 -0.00102981 0.145798 -0.00257938 
1.8936 4.9644e-05 0.0213482 0.00696807 -0.00104405 0.0262784 0.143728 
1.8955 4.8139e-05 0.0214329 0.00686641 -0.0009957 -0.137821 0.0493778 
1.8974 4.90299e-05 0.0215176 0.00692048 -0.00106623 -0.0712587 -0.128218 
1.8993 4.80772e-05 0.0216025 0.00686503 -0.000973949 0.115156 -0.0913322 
1.9012 4.82252e-05 0.0216875 0.00686129 -0.00107139 0.109054 0.0989686 
1.9031 4.81354e-05 0.0217727 0.00686952 -0.00097219 -0.0800726 0.12394 
1.905 4.73991e-05 0.0218581 0.00680327 -0.00105577 -0.13558 -0.0589603 
1.9069 4.81292e-05 0.0219436 0.00686654 -0.000989872 0.0361852 -0.143646 
1.9088 4.6732e-05 0.0220293 0.00675893 -0.00102419 0.147908 0.0123486 
1.9107 4.79016e-05 0.0221152 0.00684576 -0.0010184 0.0119171 0.148233 
1.9126 4.63404e-05 0.0222012 0.00673528 -0.000988135 -0.144595 0.0359644 
1.9145 4.73886e-05 0.0222873 0.00680422 -0.00104461 -0.0591485 -0.137072 
1.9164 4.6229e-05 0.0223736 0.00673092 -0.000961063 0.125848 -0.0808446 
1.9183 4.66453e-05 0.0224601 0.00674757 -0.00105617 0.100464 0.111207 
1.9202 4.62883e-05 0.0225467 0.0067365 -0.00095285 -0.0935256 0.117472 
1.9221 4.58236e-05 0.0226335 0.0066879 -0.00104672 -0.1314 -0.0732641 
1.924 4.63398e-05 0.0227204 0.0067385 -0.000965644 0.0509543 -0.141859 
1.9259 4.51098e-05 0.0228075 0.0066387 -0.00101858 0.148554 0.0271862 
1.9278 4.62092e-05 0.0228947 0.00672483 -0.000992891 -0.00259128 0.151288 
1.9297 4.46473e-05 0.0229821 0.00660933 -0.000981868 -0.149968 0.0221731 
1.9316 4.5799e-05 0.0230697 0.00668989 -0.00102197 -0.0464417 -0.144613 
1.9335 4.44771e-05 0.0231574 0.00660105 -0.000950371 0.135347 -0.0695598 
1.9354 4.51291e-05 0.0232452 0.00663692 -0.00103938 0.0908997 0.122403 
1.9373 4.45206e-05 0.0233332 0.00660642 -0.000935851 -0.106112 0.109879 
1.9392 4.43284e-05 0.0234214 0.0065768 -0.00103637 -0.125976 -0.0868989 
1.9411 4.46117e-05 0.0235097 0.00661228 -0.00094311 0.0652674 -0.138744 
1.943 4.3582e-05 0.0235982 0.00652354 -0.00101262 0.147823 0.0417905 
1.9449 4.4566e-05 0.0236868 0.00660523 -0.000967914 -0.0170928 0.152953 
1.9468 4.30541e-05 0.0237756 0.00648849 -0.000976482 -0.153977 0.0081642 
1.9487 4.42569e-05 0.0238645 0.0065772 -0.000998669 -0.0333013 -0.150849 
1.9506 4.28196e-05 0.0239536 0.00647558 -0.000941571 0.143636 -0.057639 
1.9525 4.3669e-05 0.0240428 0.00652887 -0.00102119 0.0805158 0.132514 
1.9544 4.2833e-05 0.0241321 0.00647955 -0.000921121 -0.117767 0.101307 
1.9563 4.29041e-05 0.0242217 0.00646948 -0.00102462 -0.119441 -0.0997772 
1.9582 4.29465e-05 0.0243113 0.00648812 -0.000922443 0.0790177 -0.134416 
1.9601 4.21396e-05 0.0244012 0.00641308 -0.001006 0.145811 0.0560384 
1.962 4.29721e-05 0.0244911 0.00648701 -0.000943803 -0.0314517 0.153303 
1.9639 4.15542e-05 0.0245813 0.00637262 -0.000971587 -0.156673 -0.00591702 
1.9658 4.27593e-05 0.0246716 0.00646595 -0.000975057 -0.0198776 -0.155809 
1.9677 4.12536e-05 0.024762 0.00635457 -0.000934337 0.150718 -0.0452339 
1.9696 4.22586e-05 0.0248526 0.00642301 -0.00100182 0.0694616 0.141519 
1.9715 4.12256e-05 0.0249433 0.00635612 -0.000908519 -0.128444 0.0918985 
1.9734 4.15423e-05 0.0250342 0.00636547 -0.00101148 -0.111927 -0.111832 
1.9753 4.13456e-05 0.0251252 0.00636623 -0.000903734 0.0921185 -0.128994 
1.9772 4.07741e-05 0.0252164 0.00630691 -0.000998506 0.142621 0.0698261 
1.9791 4.14281e-05 0.0253077 0.00637025 -0.000920832 -0.0455496 0.152423 
1.981 4.01411e-05 0.0253992 0.00626149 -0.000966835 -0.158119 -0.0199413 
1.9829 4.13043e-05 0.0254908 0.00635602 -0.000951467 -0.00630757 -0.159534 
1.9848 3.97752e-05 0.0255826 0.00623806 -0.000928334 0.156612 -0.0324851 
1.9867 4.08933e-05 0.0256745 0.00631901 -0.000981525 0.0578778 0.149414 
1.9886 3.96976e-05 0.0257665 0.0062363 -0.000897855 -0.138119 0.0817907 
1.9905 4.02358e-05 0.0258587 0.00626432 -0.000997018 -0.103565 -0.123016 
1.9924 3.98099e-05 0.0259511 0.00624685 -0.000887004 0.104502 -0.122598 
1.9943 3.94774e-05 0.0260436 0.00620462 -0.000989989 0.138359 0.083068 
1.9962 3.99348e-05 0.0261362 0.00625509 -0.000899211 -0.0592856 0.150404 
1.9981 3.88076e-05 0.0262291 0.00615486 -0.000961928 -0.158389 -0.0337954 
2 3.9891e-05 0.026322 0.00624735 -0.000928202 0.00728608 -0.162077 
