ang_deg
     0.1
0.119192
0.138384
0.157576
0.176768
 0.19596
0.215152
0.234343
0.253535
0.272727
0.291919
0.311111
0.330303
0.349495
0.368687
0.387879
0.407071
0.426263
0.445455
0.464646
0.483838
 0.50303
0.522222
0.541414
0.560606
0.579798
 0.59899
0.618182
0.637374
0.656566
0.675758
0.694949
0.714141
0.733333
0.752525
0.771717
0.790909
0.810101
0.829293
0.848485
0.867677
0.886869
0.906061
0.925253
0.944444
0.963636
0.982828
 1.00202
 1.02121
  1.0404
  1.0596
 1.07879
 1.09798
 1.11717
 1.13636
 1.15556
 1.17475
 1.19394
 1.21313
 1.23232
 1.25152
 1.27071
  1.2899
 1.30909
 1.32828
 1.34747
 1.36667
 1.38586
 1.40505
 1.42424
 1.44343
 1.46263
 1.48182
 1.50101
  1.5202
 1.53939
 1.55859
 1.57778
 1.59697
 1.61616
 1.63535
 1.65455
 1.67374
 1.69293
 1.71212
 1.73131
 1.75051
  1.7697
 1.78889
 1.80808
 1.82727
 1.84646
 1.86566
 1.88485
 1.90404
 1.92323
 1.94242
 1.96162
 1.98081
       2
rs
             (-nan,-nan)
             (-nan,-nan)
             (-nan,-nan)
             (-nan,-nan)
             (-nan,-nan)
             (-nan,-nan)
             (-nan,-nan)
             (-nan,-nan)
             (-nan,-nan)
             (-nan,-nan)
             (-nan,-nan)
             (-nan,-nan)
             (-nan,-nan)
             (-nan,-nan)
             (-nan,-nan)
             (-nan,-nan)
             (-nan,-nan)
             (-nan,-nan)
             (-nan,-nan)
             (-nan,-nan)
             (-nan,-nan)
             (-nan,-nan)
             (-nan,-nan)
             (-nan,-nan)
             (-nan,-nan)
             (-nan,-nan)
  (0.0318534,-0.0171222)
  (0.0290071,-0.0160917)
  (0.0265472,-0.0152015)
   (0.0244032,-0.014424)
  (0.0225204,-0.0137387)
  (0.0208558,-0.0131298)
  (0.0193754,-0.0125851)
  (0.0180516,-0.0120948)
  (0.0168621,-0.0116511)
  (0.0157886,-0.0112479)
  (0.0148156,-0.0108798)
  (0.0139306,-0.0105426)
  (0.0131228,-0.0102328)
 (0.0123832,-0.00994727)
 (0.0117039,-0.00968353)
 (0.0110783,-0.00943936)
 (0.0105007,-0.00921291)
(0.00996615,-0.00900256)
 (0.00947029,-0.0088069)
(0.00900935,-0.00862471)
   (0.00858,-0.00845492)
(0.00817931,-0.00829659)
 (0.0078047,-0.00814891)
(0.00745386,-0.00801115)
(0.00712476,-0.00788265)
(0.00681555,-0.00776287)
(0.00652461,-0.00765129)
(0.00625046,-0.00754748)
(0.00599177,-0.00745104)
(0.00574736,-0.00736163)
(0.00551612,-0.00727895)
 (0.0052971,-0.00720275)
(0.00508938,-0.00713279)
(0.00489215,-0.00706888)
(0.00470468,-0.00701087)
(0.00452627,-0.00695862)
(0.00435631,-0.00691203)
(0.00419421,-0.00687104)
(0.00403945,-0.00683558)
(0.00389154,-0.00680565)
(0.00375002,-0.00678126)
(0.00361448,-0.00676243)
(0.00348453,-0.00674925)
(0.00335979,-0.00674181)
(0.00323993,-0.00674025)
(0.00312464,-0.00674472)
 (0.0030136,-0.00675545)
(0.00290653,-0.00677267)
 (0.00280317,-0.0067967)
(0.00270326,-0.00682787)
 (0.00260655,-0.0068666)
 (0.0025128,-0.00691338)
(0.00242179,-0.00696875)
(0.00233328,-0.00703339)
(0.00224706,-0.00710803)
(0.00216291,-0.00719358)
 (0.0020806,-0.00729106)
(0.00199991,-0.00740169)
 (0.00192061,-0.0075269)
(0.00184244,-0.00766838)
(0.00176516,-0.00782813)
(0.00168848,-0.00800856)
(0.00161211,-0.00821258)
(0.00153569,-0.00844369)
(0.00145884,-0.00870622)
(0.00138113,-0.00900551)
(0.00130202,-0.00934825)
(0.00122091,-0.00974296)
 (0.00113702,-0.0102006)
 (0.00104945,-0.0107355)
(0.000957004,-0.0113667)
  (0.0008582,-0.0121206)
(0.000751088,-0.0130337)
(0.000633095,-0.0141593)
ts
                  (-nan,-nan)
                  (-nan,-nan)
                  (-nan,-nan)
                  (-nan,-nan)
                  (-nan,-nan)
                  (-nan,-nan)
                  (-nan,-nan)
                  (-nan,-nan)
                  (-nan,-nan)
                  (-nan,-nan)
                  (-nan,-nan)
                  (-nan,-nan)
                  (-nan,-nan)
                  (-nan,-nan)
                  (-nan,-nan)
                  (-nan,-nan)
                  (-nan,-nan)
                  (-nan,-nan)
                  (-nan,-nan)
                  (-nan,-nan)
                  (-nan,-nan)
                  (-nan,-nan)
                  (-nan,-nan)
                  (-nan,-nan)
                  (-nan,-nan)
                  (-nan,-nan)
(-5.36928e-307,-5.01433e-307)
  (4.10407e-294,3.51488e-294)
 (1.30006e-282,-2.43107e-282)
   (1.2204e-271,7.12478e-272)
  (5.80528e-262,7.94982e-262)
 (-3.07306e-254,1.19501e-252)
 (-2.58072e-244,-1.7436e-244)
   (-1.1264e-236,1.7403e-236)
(-2.54756e-229,-3.19647e-229)
(-1.87084e-222,-1.95996e-222)
 (-5.74879e-216,3.50454e-216)
   (5.67093e-210,3.9155e-210)
  (3.5673e-205,-3.13388e-204)
(-6.92741e-199,-3.54116e-200)
 (-5.94357e-194,5.06395e-194)
  (-4.67736e-189,8.7203e-190)
 (6.51332e-185,-1.51518e-184)
 (-3.34489e-180,6.04797e-181)
 (-4.32232e-176,3.12978e-177)
 (2.96926e-172,-1.92993e-172)
  (2.37457e-169,-1.9004e-168)
  (5.47659e-165,4.44815e-165)
 (1.75195e-161,-4.83822e-162)
 (-1.88848e-158,2.77037e-158)
 (-1.40557e-155,4.30216e-155)
 (2.61973e-152,-3.73244e-152)
  (3.48504e-149,2.16546e-150)
 (7.50108e-147,-1.92505e-146)
 (-9.04053e-145,9.54826e-144)
  (-2.8119e-141,2.15475e-141)
    (2.045e-139,1.03467e-138)
(-1.37603e-139,-2.56136e-136)
  (5.12929e-134,1.16706e-135)
 (8.55759e-132,-3.31874e-133)
 (-1.25236e-130,-1.1961e-129)
  (1.40937e-128,1.42652e-127)
(-1.46048e-125,-7.21728e-127)
(-1.18219e-123,-5.07331e-124)
  (-8.43616e-122,5.0483e-122)
  (6.01197e-120,2.65105e-120)
(-3.80057e-118,-7.00226e-119)
 (7.53241e-117,-1.86587e-116)
 (8.17323e-115,-4.49203e-115)
 (2.52372e-113,-2.93133e-113)
(-8.67882e-112,-1.15231e-111)
 (-8.77547e-111,4.78034e-110)
 (1.31968e-109,-1.47981e-108)
  (3.20714e-107,2.61401e-107)
 (-4.39284e-106,9.57896e-106)
 (-1.97619e-104,1.47142e-104)
 (-3.19618e-103,4.23543e-103)
  (4.04969e-102,9.75321e-102)
 (1.61856e-100,-1.08489e-100)
 (-3.33152e-99,-2.74522e-100)
    (5.33061e-98,4.22611e-99)
   (-6.70836e-97,4.35376e-97)
  (-3.18799e-96,-1.07482e-95)
   (1.21236e-94,-8.43182e-95)
     (1.82897e-93,1.0638e-94)
    (2.11862e-92,3.38362e-93)
   (2.27921e-91,-6.74048e-92)
   (7.60833e-91,-2.37726e-90)
  (-2.29589e-89,-9.63558e-90)
    (1.73536e-90,2.36383e-88)
   (1.35113e-87,-1.65964e-87)
   (-1.46696e-86,1.12885e-86)
   (9.91677e-86,-1.16833e-85)
   (-8.02913e-86,1.21407e-84)
   (-7.71995e-84,-5.1546e-84)
    (4.48475e-83,-5.1367e-83)
    (4.30825e-82,2.19222e-82)
    (4.40583e-82,3.28561e-81)
   (-1.05407e-80,1.93743e-80)
   (-1.04523e-79,9.74054e-80)
